#             |P|               []
   2.09802967e-02   5.69099000e-01
   9.80980622e-03   5.69937000e-01
   9.28828261e-03   5.69853000e-01
   6.70051228e-03   5.71192000e-01
   5.96449673e-03   5.69536000e-01
   8.85586044e-03   5.68735000e-01
   1.43347045e-02   5.69228000e-01
   1.81354709e-03   5.70442000e-01
   2.27513004e-02   5.70977000e-01
   9.32320015e-03   5.70228000e-01
   6.47450363e-03   5.70382000e-01
   1.48210546e-02   5.71221000e-01
   1.68923470e-02   5.69058000e-01
   5.42997292e-03   5.68987000e-01
   3.10744483e-03   5.70430000e-01
   5.06010366e-03   5.71019000e-01
   9.22283957e-03   5.70313000e-01
   9.05273782e-03   5.69135000e-01
   6.84702741e-03   5.67914000e-01
   2.40124895e-02   5.70193000e-01
   1.01960836e-03   5.70423000e-01
   1.48131724e-02   5.70523000e-01
   8.66451338e-03   5.69531000e-01
   6.44976335e-03   5.68418000e-01
   9.04682449e-03   5.69088000e-01
   9.41164271e-03   5.70930000e-01
   4.99431032e-03   5.71861000e-01
   1.82290401e-02   5.69425000e-01
   3.51235704e-03   5.68650000e-01
   1.02506997e-02   5.71480000e-01
   6.34559845e-03   5.69831000e-01
   1.22434805e-02   5.70400000e-01
   1.57247766e-02   5.70361000e-01
   5.32648769e-03   5.69847000e-01
   6.83279465e-03   5.70636000e-01
   3.28186080e-03   5.70784000e-01
   2.24872871e-02   5.71581000e-01
   9.25265729e-03   5.70903000e-01
   1.43922599e-02   5.70510000e-01
   2.25437781e-02   5.70819000e-01
   1.73096130e-02   5.71359000e-01
   6.16372875e-03   5.71053000e-01
   1.58351857e-02   5.69892000e-01
   7.12725633e-03   5.69411000e-01
   1.08352983e-02   5.70573000e-01
   1.45942599e-02   5.69321000e-01
   1.20179445e-02   5.70748000e-01
   1.27957563e-02   5.70213000e-01
   4.01936100e-03   5.69335000e-01
   9.38484143e-03   5.69743000e-01
   1.07802462e-02   5.71568000e-01
   4.16707229e-03   5.70460000e-01
   1.72733115e-02   5.70512000e-01
   5.84112177e-03   5.71238000e-01
   8.23130504e-03   5.70152000e-01
   2.97084920e-03   5.69378000e-01
   1.91922291e-02   5.69849000e-01
   5.14989367e-03   5.70520000e-01
   1.46182839e-02   5.71018000e-01
   1.73266021e-02   5.69974000e-01
   3.75420194e-03   5.71188000e-01
   8.08094006e-03   5.71068000e-01
   8.68995750e-03   5.70184000e-01
   3.12597413e-03   5.71142000e-01
   1.87471218e-02   5.70124000e-01
   1.93603968e-02   5.70452000e-01
   5.11174449e-04   5.70730000e-01
   8.74674930e-03   5.70236000e-01
   2.00699506e-02   5.70479000e-01
   7.57791954e-03   5.69552000e-01
   6.97567768e-03   5.69644000e-01
   1.27334755e-02   5.70696000e-01
   7.18998860e-03   5.69938000e-01
   3.18486798e-03   5.70170000e-01
   1.73001105e-02   5.70318000e-01
   1.47462867e-02   5.69053000e-01
   1.35578509e-02   5.70075000e-01
   9.29608493e-03   5.70985000e-01
   4.47748162e-03   5.71170000e-01
   1.50136198e-02   5.70413000e-01
   6.80031251e-03   5.71766000e-01
   1.10516806e-02   5.71391000e-01
   1.49599229e-02   5.70154000e-01
   1.00026196e-02   5.70542000e-01
   1.44306459e-02   5.70873000e-01
   1.14450280e-02   5.71105000e-01
   1.76972526e-02   5.71144000e-01
   1.08914789e-02   5.69357000e-01
   1.53856993e-02   5.70267000e-01
   4.79053261e-03   5.69787000e-01
   1.25615023e-02   5.69785000e-01
   5.99794193e-03   5.71231000e-01
   1.13226160e-02   5.70553000e-01
   2.44747291e-02   5.70719000e-01
   6.35466943e-03   5.69103000e-01
   9.35825386e-03   5.71199000e-01
   1.11057752e-02   5.69979000e-01
   1.22364393e-02   5.71904000e-01
   9.94549461e-03   5.70807000e-01
   1.98182460e-03   5.70181000e-01
   8.12630506e-03   5.69443000e-01
   7.02299392e-03   5.69862000e-01
   4.95313166e-03   5.69544000e-01
   7.78666469e-03   5.69037000e-01
   9.83339548e-03   5.69333000e-01
   9.83648152e-03   5.68956000e-01
   1.17883304e-02   5.71429000e-01
   8.73714588e-03   5.69149000e-01
   6.43197372e-03   5.70634000e-01
   4.33560070e-03   5.70460000e-01
   8.58209933e-03   5.69660000e-01
   1.62826702e-02   5.68606000e-01
   2.87352596e-04   5.71016000e-01
   1.30384054e-02   5.70167000e-01
   6.21285798e-03   5.69879000e-01
   1.17869266e-02   5.70251000e-01
   5.14985364e-03   5.68925000e-01
   1.11487741e-02   5.69889000e-01
   8.05910789e-03   5.70303000e-01
   1.49963574e-03   5.69230000e-01
   1.29694665e-02   5.68504000e-01
   9.08004542e-03   5.70637000e-01
   1.31834714e-02   5.69800000e-01
   1.06163346e-02   5.70746000e-01
   7.39781944e-03   5.71795000e-01
   5.82262801e-03   5.71051000e-01
   6.69349124e-03   5.69266000e-01
   2.78211065e-03   5.70638000e-01
   1.66332091e-02   5.70302000e-01
   1.36142119e-02   5.70398000e-01
   2.65284546e-02   5.69465000e-01
   1.20752941e-02   5.68562000e-01
   8.25614846e-03   5.68621000e-01
   5.05799819e-03   5.70232000e-01
   1.35799420e-02   5.69284000e-01
   6.12280100e-03   5.70138000e-01
   2.71079228e-02   5.70347000e-01
   1.51699504e-03   5.71442000e-01
   4.16470883e-03   5.70166000e-01
   2.47280350e-03   5.69247000e-01
   2.10528459e-02   5.70821000e-01
   2.25512468e-02   5.71009000e-01
   1.30501658e-02   5.70300000e-01
   4.34387601e-03   5.69370000e-01
   6.28117228e-03   5.71005000e-01
   1.11099801e-02   5.71438000e-01
   6.30130776e-03   5.69745000e-01
   1.99251246e-02   5.70210000e-01
   1.73743040e-03   5.70074000e-01
   2.21120717e-02   5.70287000e-01
   3.35913206e-03   5.70198000e-01
   2.08400693e-02   5.71651000e-01
   1.29416802e-02   5.68894000e-01
   6.80443340e-03   5.69582000e-01
   1.16019694e-02   5.71107000e-01
   1.26534348e-02   5.71874000e-01
   4.96380927e-03   5.70456000e-01
   5.95785239e-03   5.70663000e-01
   3.15906187e-03   5.70665000e-01
   5.76657896e-03   5.70624000e-01
   1.20665239e-02   5.70878000e-01
   8.27171353e-03   5.70382000e-01
   6.25659865e-03   5.70167000e-01
   1.88972427e-02   5.70681000e-01
   1.42648069e-02   5.70333000e-01
   1.81021117e-02   5.71046000e-01
   1.06688902e-02   5.68874000e-01
   1.18537808e-02   5.68538000e-01
   4.69699770e-03   5.71351000e-01
   3.49761820e-03   5.71126000e-01
   2.77299082e-02   5.69734000e-01
   3.38183281e-03   5.70826000e-01
   7.94045715e-03   5.68302000e-01
   7.62258350e-03   5.69193000e-01
   4.76114632e-03   5.70908000e-01
   7.67998456e-03   5.69622000e-01
   1.60134798e-02   5.69032000e-01
   7.42374517e-03   5.70136000e-01
   1.67203867e-02   5.70909000e-01
   6.57519782e-03   5.69244000e-01
   1.23806593e-02   5.71281000e-01
   1.01448301e-02   5.72015000e-01
   1.20382319e-02   5.69590000e-01
   1.81018077e-02   5.69974000e-01
   6.98977943e-03   5.70006000e-01
   6.04926565e-03   5.71020000e-01
   1.77290303e-03   5.69409000e-01
   1.69361175e-03   5.69031000e-01
   5.03711875e-03   5.68741000e-01
   1.73998710e-02   5.69963000e-01
   1.17573330e-02   5.69614000e-01
   1.21926918e-02   5.70955000e-01
   1.06653477e-02   5.69825000e-01
   1.51010975e-02   5.70399000e-01
   5.02950232e-03   5.69821000e-01
   2.03547431e-02   5.70827000e-01
   1.30025773e-02   5.70865000e-01
   1.14625222e-02   5.70885000e-01
   3.52957802e-03   5.70946000e-01
   9.60219090e-03   5.71312000e-01
   2.06474456e-03   5.69050000e-01
   2.87517004e-02   5.70892000e-01
   1.00251663e-02   5.70687000e-01
   2.50128788e-02   5.69515000e-01
   1.83624472e-02   5.70740000e-01
   1.14513073e-02   5.70276000e-01
   2.09466488e-02   5.71435000e-01
   2.56927696e-02   5.69227000e-01
   9.06910053e-03   5.70947000e-01
   6.77142230e-03   5.70812000e-01
   7.58153690e-03   5.68980000e-01
   2.34829453e-03   5.70922000e-01
   1.64973865e-02   5.70391000e-01
   6.34045574e-03   5.70988000e-01
   1.31933131e-02   5.68494000e-01
   2.86077978e-02   5.70736000e-01
   4.48495030e-03   5.67696000e-01
   6.05883281e-03   5.70656000e-01
   6.46279243e-03   5.70990000e-01
   6.66493432e-03   5.70343000e-01
   6.09909275e-03   5.69916000e-01
   9.53810118e-03   5.69790000e-01
   5.46401887e-03   5.70662000e-01
   4.31464145e-04   5.70886000e-01
   6.03895161e-03   5.70612000e-01
   1.17738519e-02   5.72114000e-01
   2.07493075e-02   5.70665000e-01
   1.88200969e-02   5.70669000e-01
   1.34417668e-02   5.69395000e-01
   9.36791762e-03   5.70732000e-01
   7.08258439e-03   5.70343000e-01
   1.64024329e-02   5.69096000e-01
   3.59626661e-03   5.69257000e-01
   9.84294512e-03   5.70812000e-01
   8.66133333e-03   5.70812000e-01
   9.86855549e-03   5.69922000e-01
   1.05525693e-03   5.70042000e-01
   1.45841465e-02   5.69332000e-01
   7.78835188e-03   5.69690000e-01
   1.04328493e-02   5.70039000e-01
   6.38307092e-03   5.71004000e-01
   1.69881284e-02   5.70524000e-01
   7.87111324e-03   5.70941000e-01
   2.03349269e-02   5.69501000e-01
   1.57506807e-02   5.70068000e-01
   5.92809030e-03   5.68655000e-01
   8.90497369e-03   5.69866000e-01
   1.11776854e-02   5.70446000e-01
   6.15397667e-03   5.70210000e-01
   1.00835539e-02   5.71465000e-01
   1.51967223e-02   5.70115000e-01
   5.00177002e-03   5.69701000e-01
   7.21026582e-03   5.70808000e-01
   1.16789267e-02   5.70496000e-01
   6.11914977e-03   5.69823000e-01
   1.18127160e-02   5.70449000e-01
   8.71946381e-03   5.68853000e-01
   1.00234849e-02   5.69323000e-01
   1.19517796e-02   5.70300000e-01
   6.67588627e-03   5.69449000e-01
   1.70252081e-02   5.71061000e-01
   3.06850520e-03   5.70595000e-01
   9.38314083e-03   5.70239000e-01
   8.42918866e-03   5.70165000e-01
   2.05364550e-02   5.70301000e-01
   2.54455394e-02   5.70751000e-01
   1.16230027e-02   5.71707000e-01
   4.29238910e-03   5.70041000e-01
   1.04343844e-02   5.71905000e-01
   8.34511714e-03   5.71124000e-01
   1.08907086e-02   5.69946000e-01
   5.18229830e-03   5.70489000e-01
   1.12021267e-02   5.69776000e-01
   1.89168299e-02   5.71262000e-01
   1.81788119e-02   5.70582000e-01
   3.49661845e-03   5.69737000e-01
   1.55215121e-02   5.70936000e-01
   7.17704238e-03   5.70842000e-01
   3.94131406e-03   5.71501000e-01
   7.68510262e-03   5.69339000e-01
   6.38539195e-03   5.69608000e-01
   1.36889350e-02   5.69616000e-01
   1.45976059e-02   5.70526000e-01
   1.42031686e-02   5.71222000e-01
   8.26340761e-03   5.69956000e-01
   5.20581860e-03   5.69260000e-01
   1.47571428e-03   5.70457000e-01
   7.93891831e-03   5.70855000e-01
   1.29497997e-02   5.68569000e-01
   1.52816476e-02   5.68547000e-01
   1.39912319e-02   5.71605000e-01
   1.90119921e-02   5.71143000e-01
   1.40691048e-02   5.71154000e-01
   1.49896801e-02   5.69328000e-01
   8.47408813e-03   5.69882000e-01
   1.06548741e-02   5.69582000e-01
   3.37080393e-03   5.70426000e-01
   4.08371663e-03   5.70423000e-01
   4.59304516e-03   5.70207000e-01
   8.81519133e-03   5.69807000e-01
   6.85149103e-03   5.69153000e-01
   1.13780482e-02   5.72210000e-01
   6.26785443e-03   5.71098000e-01
   1.06865489e-02   5.71288000e-01
   6.39058090e-03   5.70849000e-01
   7.44568931e-03   5.70121000e-01
   8.28732866e-03   5.71042000e-01
   8.43375520e-03   5.72323000e-01
   1.30414646e-02   5.69831000e-01
   8.09874923e-03   5.69262000e-01
   9.65323819e-03   5.70548000e-01
   2.23664365e-03   5.69742000e-01
   7.17566185e-03   5.69279000e-01
   5.66387338e-03   5.69535000e-01
   5.61451351e-03   5.70212000e-01
   1.07779840e-02   5.70151000e-01
   1.33368080e-02   5.71124000e-01
   4.04806254e-03   5.69605000e-01
   8.82505144e-03   5.69602000e-01
   5.01281906e-03   5.69805000e-01
   9.58158387e-03   5.69658000e-01
   8.08678420e-03   5.69335000e-01
   1.11720073e-02   5.70397000e-01
   7.13671143e-03   5.71976000e-01
   1.22269743e-02   5.69124000e-01
   1.30738090e-02   5.70157000e-01
   8.11195084e-03   5.68820000e-01
   1.23303335e-02   5.71620000e-01
   1.33737981e-02   5.69963000e-01
   9.69321673e-03   5.70579000e-01
   2.24346142e-03   5.70857000e-01
   8.66551704e-03   5.69472000e-01
   1.77026489e-02   5.68719000e-01
   1.51408669e-02   5.69242000e-01
   7.72167469e-03   5.69703000e-01
   1.57896405e-02   5.70958000e-01
   9.02236722e-03   5.72645000e-01
   1.58372154e-02   5.69614000e-01
   9.04278358e-03   5.68794000e-01
   5.49756910e-03   5.70985000e-01
   8.37948896e-03   5.70485000e-01
   2.20674068e-02   5.70280000e-01
   8.53397631e-03   5.70248000e-01
   9.97549375e-03   5.69578000e-01
   1.27486543e-02   5.69095000e-01
   1.16539461e-02   5.69984000e-01
   7.13504855e-03   5.70573000e-01
   1.11319322e-02   5.71076000e-01
   1.53389821e-02   5.71598000e-01
   1.76695336e-02   5.70719000e-01
   1.08722585e-02   5.71923000e-01
   6.64099012e-03   5.70628000e-01
   1.99696595e-02   5.69925000e-01
   1.31036048e-02   5.69784000e-01
   1.21242742e-02   5.70441000e-01
   1.44691430e-02   5.69978000e-01
   1.81552465e-02   5.70201000e-01
   4.20620126e-03   5.70616000e-01
   7.69011555e-03   5.71412000e-01
   8.32637243e-03   5.69317000e-01
   9.15425838e-03   5.70557000e-01
   4.20085272e-03   5.70385000e-01
   1.15966555e-02   5.70622000e-01
   9.24106391e-03   5.71245000e-01
   7.65895756e-03   5.72108000e-01
   8.51731117e-03   5.69788000e-01
   1.23378843e-02   5.71380000e-01
   1.27772313e-03   5.68783000e-01
   1.33236273e-02   5.70315000e-01
   5.69528068e-03   5.70356000e-01
   8.10126367e-03   5.70455000e-01
   9.23091949e-03   5.70016000e-01
   3.25812886e-03   5.69726000e-01
   3.62563172e-02   5.71422000e-01
   9.17336675e-03   5.69113000e-01
   1.20802824e-02   5.70789000e-01
   1.05554935e-02   5.70690000e-01
   1.61491527e-02   5.70824000e-01
   1.26800888e-02   5.70787000e-01
   3.59229960e-03   5.70231000e-01
   2.12124735e-02   5.69765000e-01
   4.04256379e-03   5.70859000e-01
   4.41047121e-03   5.69986000e-01
   1.27727384e-02   5.70500000e-01
   1.04167559e-02   5.70685000e-01
   6.11196823e-03   5.70294000e-01
   9.50154493e-03   5.72195000e-01
   1.63545048e-02   5.68888000e-01
   1.61788306e-02   5.70989000e-01
   1.83884942e-02   5.69348000e-01
   1.22203402e-02   5.69185000e-01
   6.02001378e-03   5.71292000e-01
   1.32367695e-02   5.69497000e-01
   2.37797208e-02   5.69711000e-01
   5.80459317e-03   5.71235000e-01
   2.98946196e-03   5.70093000e-01
   6.85424302e-03   5.71438000e-01
   3.24126688e-03   5.70739000e-01
   1.13386309e-02   5.70067000e-01
   4.37282939e-03   5.69850000e-01
   5.84144040e-03   5.68505000e-01
   1.53086540e-02   5.71087000e-01
   1.46279423e-02   5.71834000e-01
   2.93985274e-02   5.71094000e-01
   1.55784292e-02   5.70335000e-01
   1.32756660e-02   5.70125000e-01
   5.63533425e-03   5.68495000e-01
   9.77470555e-03   5.70461000e-01
   5.62418444e-03   5.69197000e-01
   4.33860996e-03   5.71006000e-01
   3.64943784e-03   5.70941000e-01
   6.61437526e-03   5.70180000e-01
   9.86277840e-03   5.69951000e-01
   6.55319619e-04   5.71527000e-01
   7.06834137e-03   5.70085000e-01
   7.18011045e-03   5.70016000e-01
   2.12871382e-03   5.70460000e-01
   5.49241414e-03   5.71126000e-01
   2.75653955e-03   5.70566000e-01
   1.02516602e-02   5.70081000e-01
   2.87775457e-02   5.71426000e-01
   5.75922700e-03   5.69903000e-01
   4.30910242e-03   5.70216000e-01
   3.00798652e-03   5.70681000e-01
   2.13958529e-02   5.71380000e-01
   1.20180258e-02   5.69828000e-01
   4.30057510e-03   5.69682000e-01
   8.43484137e-03   5.70353000e-01
   1.19642457e-02   5.70551000e-01
   1.34352075e-02   5.71606000e-01
   2.39456216e-03   5.71099000e-01
   1.70850015e-02   5.71328000e-01
   1.55107248e-02   5.72199000e-01
   1.68870146e-02   5.70491000e-01
   4.08375249e-03   5.70032000e-01
   1.77155528e-02   5.69923000e-01
   6.76760246e-03   5.71895000e-01
   7.11500031e-03   5.72005000e-01
   1.36499527e-02   5.71592000e-01
   7.05929752e-03   5.70784000e-01
   1.59527671e-02   5.70984000e-01
   1.12517893e-02   5.70163000e-01
   4.84312286e-03   5.69686000e-01
   1.50874144e-02   5.70899000e-01
   1.11053054e-02   5.70724000e-01
   5.68718026e-03   5.70696000e-01
   9.14884300e-03   5.70471000e-01
   3.13798298e-03   5.72069000e-01
   2.02079233e-02   5.71170000e-01
   2.37666112e-02   5.69642000e-01
   9.71752098e-03   5.71305000e-01
   1.81139573e-02   5.70471000e-01
   8.45167168e-03   5.69168000e-01
   1.54123888e-02   5.68988000e-01
   9.96030466e-03   5.70057000e-01
   1.54171973e-02   5.69871000e-01
   6.23882915e-03   5.69940000e-01
   1.34981270e-02   5.69881000e-01
   3.30768244e-03   5.71565000e-01
   1.71417738e-03   5.68893000e-01
   1.96336570e-02   5.70592000e-01
   1.71805873e-02   5.69682000e-01
   2.43869471e-02   5.70522000e-01
   3.73239772e-03   5.71073000e-01
   1.65192534e-02   5.71873000e-01
   1.29575370e-03   5.69196000e-01
   1.03956151e-02   5.71863000e-01
   4.17424691e-03   5.69903000e-01
   5.29706285e-03   5.68490000e-01
   8.95801344e-03   5.71609000e-01
   6.01238323e-03   5.69381000e-01
   9.70044477e-03   5.70486000e-01
   1.78704469e-02   5.69579000e-01
   1.16892168e-03   5.69915000e-01
   1.78965967e-02   5.69712000e-01
   1.62822066e-02   5.68196000e-01
   7.01298322e-03   5.69645000e-01
   8.45592958e-03   5.69403000e-01
   7.48860122e-03   5.71084000e-01
   5.98302646e-03   5.70394000e-01
   9.38177860e-03   5.69710000e-01
   7.03398656e-03   5.70199000e-01
   4.07940833e-03   5.69600000e-01
   1.06261386e-02   5.71558000e-01
   1.10514954e-02   5.69265000e-01
   1.00659364e-02   5.71924000e-01
   1.91728011e-02   5.70974000e-01
   1.41322770e-02   5.70318000e-01
   9.33213802e-03   5.70077000e-01
   3.60081579e-03   5.69821000e-01
   3.75506002e-03   5.69885000e-01
   3.16080948e-02   5.72614000e-01
   3.31596362e-03   5.71195000e-01
   2.25124179e-02   5.70218000e-01
   1.23592914e-02   5.70598000e-01
   2.30697439e-02   5.70229000e-01
   1.48038273e-02   5.71096000e-01
   6.99297475e-03   5.69650000e-01
   5.39437712e-03   5.70772000e-01
   1.14375886e-02   5.70990000e-01
   6.68267202e-03   5.68493000e-01
   5.40815744e-03   5.70957000e-01
   1.54433070e-02   5.70945000e-01
   6.32769380e-03   5.71226000e-01
   2.38243084e-02   5.70511000e-01
   7.47801154e-03   5.70124000e-01
   1.00519715e-02   5.70751000e-01
   2.03810391e-02   5.70713000e-01
   5.19755025e-03   5.70532000e-01
   4.56797705e-03   5.72498000e-01
   9.43441923e-03   5.70943000e-01
   1.49344184e-02   5.69260000e-01
   4.36799906e-03   5.71298000e-01
   2.17574623e-02   5.71567000e-01
   1.26002543e-02   5.70440000e-01
   1.29129678e-02   5.69705000e-01
   3.52831335e-03   5.70002000e-01
   1.09440603e-02   5.70256000e-01
   9.38209371e-03   5.72033000e-01
   4.73428255e-03   5.70555000e-01
   3.00868422e-02   5.71924000e-01
   8.89259221e-03   5.69408000e-01
   1.49908665e-02   5.70746000e-01
   6.83911835e-03   5.69329000e-01
   8.86132896e-03   5.69058000e-01
   1.93390167e-02   5.71242000e-01
   4.52914131e-04   5.71042000e-01
   1.89656298e-02   5.70093000e-01
   1.05326210e-02   5.70606000e-01
   1.82024244e-02   5.70878000e-01
   5.55437263e-03   5.70131000e-01
   7.52419220e-03   5.70884000e-01
   1.67145546e-02   5.70878000e-01
   1.40537690e-02   5.70229000e-01
   2.48470471e-02   5.71267000e-01
   1.09723571e-02   5.70865000e-01
   2.33846378e-02   5.71063000e-01
   4.72660300e-03   5.71843000e-01
   8.09522526e-03   5.69589000e-01
   1.92367909e-02   5.68763000e-01
   1.35057488e-02   5.69723000e-01
   1.73804895e-02   5.70387000e-01
   1.02643799e-02   5.69707000e-01
   3.56436899e-03   5.70405000e-01
   4.37296310e-03   5.70776000e-01
   2.25644945e-03   5.70465000e-01
   7.94492698e-03   5.71099000e-01
   4.30536619e-03   5.69897000e-01
   4.60666986e-03   5.70880000e-01
   1.73263102e-02   5.71156000e-01
   1.04067901e-02   5.69796000e-01
   5.43516571e-03   5.69640000e-01
   9.18615792e-03   5.70615000e-01
   7.76182214e-03   5.69648000e-01
   9.60081377e-03   5.71658000e-01
   1.37861176e-02   5.71997000e-01
   9.00978986e-03   5.70637000e-01
   1.02106726e-02   5.68937000e-01
   1.14308163e-02   5.71211000e-01
   1.36623677e-02   5.70606000e-01
   1.33048758e-02   5.69304000e-01
   2.91700846e-03   5.70531000e-01
   3.78993264e-03   5.71875000e-01
   1.19142755e-02   5.70142000e-01
   2.38317620e-02   5.69476000e-01
   1.69445715e-02   5.69405000e-01
   2.30258627e-02   5.71366000e-01
   7.25684643e-03   5.70407000e-01
   7.75402925e-03   5.69391000e-01
   1.19214695e-02   5.68836000e-01
   1.82679998e-02   5.70980000e-01
   1.05931251e-02   5.69257000e-01
   1.63010116e-02   5.71021000e-01
   9.21363641e-04   5.70013000e-01
   3.99054281e-03   5.70012000e-01
   6.48311157e-03   5.70309000e-01
   6.18227267e-03   5.70592000e-01
   1.87451632e-02   5.70584000e-01
   1.62056271e-02   5.70291000e-01
   1.09314560e-02   5.68846000e-01
   1.14985812e-02   5.71256000e-01
   1.57421819e-02   5.68397000e-01
   5.24058476e-03   5.71683000e-01
   2.98019849e-03   5.72077000e-01
   2.28411920e-03   5.70605000e-01
   1.18055679e-02   5.70767000e-01
   1.21139711e-02   5.69716000e-01
   2.20415171e-02   5.70889000e-01
   6.12870982e-03   5.69862000e-01
   1.08537547e-02   5.70937000e-01
   4.70002226e-03   5.71181000e-01
   7.83298615e-03   5.68864000e-01
   2.14158120e-02   5.70990000e-01
   1.90430939e-02   5.69661000e-01
   1.24367743e-02   5.69759000e-01
   2.78261505e-03   5.70224000e-01
   8.32666514e-03   5.70047000e-01
   4.34370970e-03   5.69419000e-01
   5.95088811e-03   5.70414000e-01
   3.00317759e-03   5.71160000e-01
   1.32689079e-02   5.70376000e-01
   1.14690104e-02   5.69559000e-01
   6.39100332e-03   5.70930000e-01
   1.01741762e-02   5.70895000e-01
   1.82665530e-02   5.71012000e-01
   2.07279042e-02   5.69337000e-01
   1.07201144e-02   5.70449000e-01
   8.45147376e-03   5.70566000e-01
   1.34641425e-02   5.72226000e-01
   1.30177056e-02   5.70195000e-01
   9.96438706e-04   5.71148000e-01
   6.31146617e-03   5.70980000e-01
   7.22663036e-03   5.70751000e-01
   5.32682771e-03   5.69332000e-01
   2.21880040e-02   5.68996000e-01
   4.95218404e-03   5.68548000e-01
   7.18037933e-03   5.71333000e-01
   5.41490547e-03   5.69129000e-01
   3.34566997e-03   5.70503000e-01
   2.84384983e-03   5.71228000e-01
   1.59692378e-02   5.69949000e-01
   1.97279413e-02   5.71502000e-01
   2.51552349e-03   5.71444000e-01
   6.46374730e-03   5.69737000e-01
   9.16916682e-03   5.69034000e-01
   1.10749402e-02   5.69506000e-01
   1.78388543e-02   5.71737000e-01
   1.95218485e-02   5.69075000e-01
   4.80973907e-03   5.70253000e-01
   7.46278471e-03   5.71463000e-01
   3.87567153e-03   5.70771000e-01
   1.73059310e-02   5.71131000e-01
   1.71355062e-02   5.70609000e-01
   8.29875759e-03   5.70303000e-01
   1.60530602e-02   5.70767000e-01
   7.81654651e-03   5.71091000e-01
   5.27387659e-03   5.69707000e-01
   2.76367062e-02   5.70193000e-01
   7.95332609e-03   5.70691000e-01
   7.50522640e-03   5.70532000e-01
   1.17344330e-02   5.70408000e-01
   1.30088847e-02   5.70312000e-01
   6.96950039e-03   5.70764000e-01
   1.76652701e-03   5.69718000e-01
   1.42644165e-02   5.71259000e-01
   7.35023079e-03   5.70355000e-01
   7.43001766e-03   5.70246000e-01
   1.89455468e-02   5.70186000e-01
   1.81738133e-02   5.70222000e-01
   2.81965994e-03   5.70196000e-01
   1.54423655e-02   5.70626000e-01
   7.16135069e-03   5.70486000e-01
   1.92000445e-02   5.71553000e-01
   1.57722715e-02   5.69619000e-01
   1.04086002e-02   5.70226000e-01
   1.32554078e-02   5.69771000e-01
   1.68748297e-02   5.70466000e-01
   6.91581938e-03   5.70253000e-01
   2.55610722e-03   5.71133000e-01
   1.16079798e-02   5.69463000e-01
   1.17438843e-02   5.70806000e-01
   2.69983746e-03   5.68292000e-01
   5.67300395e-03   5.68939000e-01
   4.91103975e-03   5.69656000e-01
   4.26859520e-03   5.71476000e-01
   2.49060674e-02   5.70103000e-01
   2.72625153e-02   5.71534000e-01
   1.69599622e-02   5.71177000e-01
   1.52062996e-02   5.70304000e-01
   1.26442285e-02   5.69509000e-01
   4.66489466e-03   5.70077000e-01
   1.14799671e-02   5.70645000e-01
   7.50710536e-03   5.69640000e-01
   1.35681021e-02   5.68492000e-01
   8.66841602e-03   5.70081000e-01
   1.19861136e-02   5.69536000e-01
   5.78489289e-03   5.69959000e-01
   9.24668050e-03   5.71850000e-01
   8.22010935e-03   5.70617000e-01
   9.07864814e-03   5.70038000e-01
   4.19962782e-03   5.69620000e-01
   1.51860184e-02   5.70782000e-01
   8.94607261e-03   5.69430000e-01
   1.80312104e-03   5.70845000e-01
   1.40723390e-02   5.70744000e-01
   1.02826282e-02   5.71209000e-01
   5.88748511e-03   5.70873000e-01
   1.84590231e-02   5.69639000e-01
   7.43488485e-03   5.69973000e-01
   3.63819625e-03   5.70307000e-01
   2.28263386e-02   5.71607000e-01
   1.69115229e-02   5.70390000e-01
   1.21412537e-02   5.71389000e-01
   8.08578407e-03   5.69984000e-01
   9.87700819e-03   5.71174000e-01
   5.33511166e-03   5.70406000e-01
   1.61344023e-02   5.70810000e-01
   8.48207734e-03   5.69055000e-01
   1.65825052e-02   5.70394000e-01
   7.50804069e-03   5.70514000e-01
   1.20222755e-02   5.71262000e-01
   3.35944667e-03   5.69582000e-01
   7.47262943e-03   5.68765000e-01
   1.10820723e-02   5.70058000e-01
   1.30716529e-02   5.70315000e-01
   1.71080732e-02   5.71885000e-01
   1.24933843e-02   5.70509000e-01
   1.32047512e-02   5.69948000e-01
   1.18924839e-02   5.70463000e-01
   9.24315229e-03   5.69693000e-01
   1.24877820e-02   5.70700000e-01
   1.33446039e-02   5.69682000e-01
   6.10884138e-03   5.69496000e-01
   1.57084139e-02   5.71685000e-01
   1.01106933e-02   5.72611000e-01
   1.10086762e-02   5.71315000e-01
   1.37712356e-02   5.70710000e-01
   1.39029571e-02   5.71272000e-01
   5.71425558e-03   5.71060000e-01
   9.85252203e-03   5.72123000e-01
   1.18489412e-02   5.70360000e-01
   1.45106093e-02   5.71253000e-01
   1.51791358e-02   5.69963000e-01
   1.39242559e-02   5.71964000e-01
   1.83362361e-02   5.70763000e-01
   1.11423624e-02   5.69132000e-01
   2.03654343e-02   5.70404000e-01
   3.72334317e-03   5.70712000e-01
   5.23719118e-03   5.70402000e-01
   2.02084463e-02   5.70170000e-01
   5.66966552e-03   5.69434000e-01
   1.31327414e-02   5.71035000e-01
   1.16181301e-02   5.70016000e-01
   1.40135347e-02   5.73347000e-01
   4.47355185e-03   5.70366000e-01
   1.30118702e-02   5.70724000e-01
   5.69816055e-03   5.70324000e-01
   1.04613391e-02   5.71071000e-01
   1.40116526e-02   5.70582000e-01
   7.67684321e-03   5.69330000e-01
   1.54802314e-02   5.70808000e-01
   3.05581513e-03   5.72800000e-01
   4.17473353e-03   5.70761000e-01
   2.47461915e-02   5.71094000e-01
   1.69750264e-02   5.69503000e-01
   2.22014386e-04   5.71240000e-01
   1.48440564e-03   5.69239000e-01
   1.94755103e-02   5.71675000e-01
   6.15067412e-03   5.70335000e-01
   1.67027129e-02   5.70837000e-01
   6.32813985e-03   5.70411000e-01
   8.68143230e-03   5.70004000e-01
   1.86309843e-02   5.70451000e-01
   1.00879053e-02   5.72214000e-01
   4.39856479e-03   5.68542000e-01
   1.52095300e-02   5.68216000e-01
   1.05121781e-02   5.70664000e-01
   1.05372008e-02   5.71051000e-01
   8.69426200e-03   5.69082000e-01
   1.31627830e-02   5.69697000e-01
   2.85651391e-03   5.69353000e-01
   1.34039850e-02   5.70098000e-01
   2.27409564e-02   5.70673000e-01
   1.05109637e-02   5.69866000e-01
   7.54967600e-03   5.70737000e-01
   1.30576079e-02   5.70856000e-01
   6.93111774e-03   5.70642000e-01
   2.41857209e-02   5.71093000e-01
   7.87104126e-03   5.69302000e-01
   2.65938959e-03   5.68930000e-01
   1.72522523e-02   5.69008000e-01
   8.00479977e-03   5.69770000e-01
   6.37613263e-03   5.71500000e-01
   7.84185318e-03   5.68194000e-01
   1.65630306e-03   5.70479000e-01
   2.47265240e-02   5.70369000e-01
   7.09474284e-03   5.70354000e-01
   6.64294706e-03   5.70326000e-01
   6.22572511e-03   5.69669000e-01
   6.52737896e-03   5.71396000e-01
   2.37689295e-02   5.70393000e-01
   1.44160988e-02   5.69976000e-01
   1.50192885e-02   5.69190000e-01
   7.51242319e-03   5.69797000e-01
   7.66685117e-03   5.71780000e-01
   1.86597108e-02   5.70235000e-01
   8.16330299e-03   5.68644000e-01
   5.59375725e-03   5.69438000e-01
   8.10014459e-03   5.70994000e-01
   1.14806309e-02   5.70050000e-01
   7.06834932e-03   5.70360000e-01
   2.71177508e-02   5.70424000e-01
   8.87715306e-03   5.70748000e-01
   3.33928708e-03   5.69899000e-01
   1.29160785e-02   5.70339000e-01
   2.25154623e-02   5.71818000e-01
   1.79485855e-03   5.70366000e-01
   1.68267023e-02   5.70841000e-01
   8.40550897e-03   5.68826000e-01
   1.12265139e-02   5.69657000e-01
   9.62468818e-03   5.70798000e-01
   1.20242347e-02   5.70833000e-01
   9.40165394e-03   5.71271000e-01
   1.25372244e-02   5.69353000e-01
   1.84537719e-03   5.71223000e-01
   9.14208837e-03   5.70510000e-01
   1.23434591e-02   5.70483000e-01
   1.78846386e-02   5.70872000e-01
   9.26340787e-03   5.70328000e-01
   1.86655952e-02   5.70654000e-01
   2.15182219e-02   5.69872000e-01
   7.89990722e-03   5.69816000e-01
   7.74166499e-03   5.71105000e-01
   1.82116277e-02   5.70286000e-01
   1.09911871e-02   5.70608000e-01
   1.97763575e-02   5.70579000e-01
   1.04536803e-02   5.69804000e-01
   7.57205116e-03   5.70465000e-01
   1.97848317e-02   5.70778000e-01
   1.33370804e-02   5.71331000e-01
   8.41920908e-03   5.70114000e-01
   9.14306294e-03   5.69113000e-01
   8.58229729e-03   5.69213000e-01
   3.60101726e-03   5.68917000e-01
   1.66900185e-02   5.70561000e-01
   2.99668403e-03   5.70591000e-01
   2.76401824e-03   5.69878000e-01
   1.04503359e-02   5.70414000e-01
   1.58676228e-02   5.71586000e-01
   1.21275824e-02   5.69521000e-01
   8.99491872e-03   5.70302000e-01
   2.37983006e-02   5.71387000e-01
   7.54664510e-03   5.70780000e-01
   1.24845626e-02   5.70156000e-01
   5.52533964e-03   5.70302000e-01
   1.74041096e-02   5.70643000e-01
   8.74868325e-03   5.70481000e-01
   7.26958272e-03   5.69733000e-01
   1.29913146e-02   5.68519000e-01
   8.08655230e-03   5.70194000e-01
   5.68782861e-03   5.68342000e-01
   5.71556672e-03   5.70363000e-01
   8.68326600e-03   5.70344000e-01
   6.64150700e-03   5.67945000e-01
   2.02959267e-03   5.70301000e-01
   8.33031386e-03   5.70407000e-01
   1.82882603e-02   5.70454000e-01
   1.48552688e-02   5.70333000e-01
   1.54323873e-02   5.70969000e-01
   1.20678259e-02   5.69686000e-01
   2.50070169e-02   5.69265000e-01
   7.19879330e-03   5.70426000e-01
   8.32645577e-03   5.69137000e-01
   1.04826908e-02   5.70441000e-01
   1.38979292e-03   5.70810000e-01
   6.45965173e-03   5.70231000e-01
   1.98997642e-03   5.69928000e-01
   5.40571400e-03   5.70376000e-01
   3.77674881e-03   5.69593000e-01
   2.21766009e-02   5.68770000e-01
   8.68792925e-03   5.69605000e-01
   1.54549918e-02   5.69308000e-01
   1.82003919e-02   5.69295000e-01
   1.54651089e-02   5.71459000e-01
   1.00874744e-02   5.68546000e-01
   6.29677373e-03   5.71908000e-01
   9.05557216e-03   5.69662000e-01
   6.34135986e-03   5.71004000e-01
   7.20482924e-03   5.70178000e-01
   2.02050859e-02   5.70152000e-01
   7.21740147e-03   5.70958000e-01
   7.41569014e-03   5.69351000e-01
   1.36963520e-02   5.70220000e-01
   3.03953860e-02   5.70961000e-01
   5.01396586e-03   5.70414000e-01
   1.07350603e-02   5.68206000e-01
   6.07494833e-03   5.69875000e-01
   5.00834022e-03   5.70074000e-01
   1.10252285e-02   5.69903000e-01
   1.19020483e-02   5.71342000e-01
   1.70072860e-02   5.71373000e-01
   1.29019721e-02   5.70166000e-01
   8.65719951e-03   5.70844000e-01
   1.32718964e-02   5.70494000e-01
   1.36584599e-02   5.69511000e-01
   7.19163578e-03   5.68821000e-01
   1.28871255e-02   5.70409000e-01
   4.92061322e-03   5.71021000e-01
   1.21356670e-02   5.69827000e-01
   1.08642299e-02   5.70053000e-01
   7.77920573e-03   5.70451000e-01
   2.12890542e-02   5.72074000e-01
   2.05605632e-02   5.69540000e-01
   9.17912714e-03   5.69221000e-01
   9.74640032e-03   5.70640000e-01
   6.88924539e-03   5.71951000e-01
   3.29913658e-03   5.69991000e-01
   1.51113642e-02   5.68449000e-01
   1.49541833e-02   5.71018000e-01
   5.96255334e-03   5.70516000e-01
   7.95310600e-03   5.70171000e-01
   1.05233544e-02   5.70211000e-01
   3.41083760e-02   5.71717000e-01
   7.07837186e-03   5.69718000e-01
   2.06770815e-02   5.68698000e-01
   8.92119519e-03   5.69658000e-01
   1.30690422e-02   5.68934000e-01
   1.09675986e-02   5.71168000e-01
   6.79096478e-03   5.70038000e-01
   1.10756242e-02   5.67901000e-01
   1.49500614e-02   5.70125000e-01
   1.44303357e-02   5.69176000e-01
   1.42551345e-02   5.70714000e-01
   1.21179995e-02   5.70679000e-01
   2.61618655e-03   5.69774000e-01
   8.34120507e-03   5.70072000e-01
   9.95903870e-03   5.69949000e-01
   3.46831549e-03   5.70616000e-01
   9.78110652e-03   5.70172000e-01
   9.82327277e-03   5.69149000e-01
   8.76495912e-03   5.69845000e-01
   2.64583394e-03   5.71392000e-01
   1.38006508e-02   5.69893000e-01
   7.77329606e-03   5.70662000e-01
   1.81920526e-02   5.70191000e-01
   1.36656702e-02   5.72130000e-01
   5.62232758e-03   5.68226000e-01
   1.49281266e-02   5.68922000e-01
   1.79741509e-02   5.70451000e-01
   1.16626317e-02   5.70990000e-01
   6.47880944e-03   5.69441000e-01
   7.98942934e-03   5.71127000e-01
   1.14850320e-02   5.69733000e-01
   1.13830217e-02   5.69152000e-01
   1.31954876e-02   5.71128000e-01
   1.20105486e-02   5.68141000e-01
   6.26820293e-03   5.69795000e-01
   3.57095975e-03   5.70416000e-01
   4.98896930e-03   5.70697000e-01
   2.11385241e-02   5.71271000e-01
   5.51502983e-03   5.70199000e-01
   6.29434305e-03   5.70094000e-01
   1.72214547e-02   5.70800000e-01
   9.90463799e-03   5.69964000e-01
   8.34461010e-03   5.68951000e-01
   7.27549646e-03   5.70319000e-01
   1.12375849e-02   5.69745000e-01
   1.26750917e-02   5.68394000e-01
   9.36211864e-03   5.70193000e-01
   4.82422395e-03   5.69001000e-01
   2.82320515e-03   5.70604000e-01
   1.15701968e-02   5.69899000e-01
   8.75028778e-03   5.70624000e-01
   8.52641056e-03   5.70389000e-01
   1.10558840e-02   5.70107000e-01
   4.12291137e-03   5.70027000e-01
   1.11580519e-02   5.71285000e-01
   1.38354225e-02   5.71528000e-01
   7.84828238e-03   5.69499000e-01
   6.30346878e-03   5.69995000e-01
   8.68703552e-03   5.70479000e-01
   5.08512450e-03   5.69215000e-01
   1.26067216e-02   5.70246000e-01
   2.00661456e-02   5.70836000e-01
   4.40185682e-03   5.70202000e-01
   1.39084502e-02   5.71725000e-01
   2.13785834e-02   5.70240000e-01
   2.63158967e-02   5.68917000e-01
   4.07733919e-03   5.71593000e-01
   1.04747008e-02   5.71042000e-01
   8.63586795e-03   5.70175000e-01
   2.54286862e-03   5.71704000e-01
   2.23391505e-02   5.70241000e-01
   1.91947121e-02   5.70487000e-01
   1.31514650e-02   5.69427000e-01
   6.48209785e-03   5.69297000e-01
   1.17231879e-02   5.68998000e-01
   4.35100310e-03   5.69874000e-01
   8.36144134e-03   5.70098000e-01
   1.78296565e-02   5.69898000e-01
   8.28460950e-03   5.69951000e-01
   7.19718606e-03   5.69285000e-01
   1.98109485e-02   5.70997000e-01
   7.47091439e-03   5.71729000e-01
   1.06224318e-02   5.70905000e-01
   1.70504646e-03   5.69039000e-01
   1.01810979e-02   5.68958000e-01
   1.79961421e-02   5.69297000e-01
   1.98018697e-02   5.70208000e-01
   1.34025812e-02   5.70861000e-01
   8.50456642e-03   5.69585000e-01
   1.03685734e-02   5.70511000e-01
   1.04187616e-02   5.70403000e-01
   8.68800451e-03   5.70179000e-01
   2.08473743e-02   5.70980000e-01
   1.14889517e-02   5.71045000e-01
   1.36316000e-02   5.71031000e-01
   1.34735023e-02   5.69017000e-01
   1.70784096e-02   5.70236000e-01
   1.22183922e-02   5.71099000e-01
