#             |P|               []
   2.01437023e-01   6.60603000e-01
   2.12677876e-01   6.60602000e-01
   2.03944376e-01   6.60488000e-01
   2.05734665e-01   6.61269000e-01
   2.07985797e-01   6.60365000e-01
   2.16231798e-01   6.60736000e-01
   2.04659151e-01   6.60307000e-01
   2.07715994e-01   6.59207000e-01
   2.20971823e-01   6.60824000e-01
   2.12754391e-01   6.60720000e-01
   2.08829893e-01   6.60326000e-01
   2.10526135e-01   6.60847000e-01
   1.91706899e-01   6.59762000e-01
   2.10358660e-01   6.60590000e-01
   2.14510985e-01   6.60257000e-01
   2.14509364e-01   6.60826000e-01
   2.07015486e-01   6.59802000e-01
   2.08101019e-01   6.60357000e-01
   1.91304610e-01   6.60305000e-01
   2.06696131e-01   6.60688000e-01
   2.09682976e-01   6.59964000e-01
   2.13060141e-01   6.61637000e-01
   2.13728418e-01   6.60160000e-01
   2.09693200e-01   6.60825000e-01
   2.17841674e-01   6.60562000e-01
   2.26293539e-01   6.60523000e-01
   2.03936741e-01   6.61352000e-01
   2.24020408e-01   6.60738000e-01
   2.01828574e-01   6.60339000e-01
   2.20835520e-01   6.59706000e-01
   2.15521451e-01   6.60570000e-01
   1.92281100e-01   6.59805000e-01
   2.06114204e-01   6.60992000e-01
   2.00298104e-01   6.60266000e-01
   2.09552372e-01   6.60328000e-01
   2.10511004e-01   6.60223000e-01
   2.05930337e-01   6.60181000e-01
   1.95277196e-01   6.60871000e-01
   2.02920047e-01   6.61063000e-01
   2.08464006e-01   6.59521000e-01
   1.95008265e-01   6.61294000e-01
   2.14839270e-01   6.60432000e-01
   2.12503811e-01   6.59881000e-01
   2.15494851e-01   6.60168000e-01
   2.03651657e-01   6.61034000e-01
   2.10078605e-01   6.60922000e-01
   2.04973548e-01   6.60247000e-01
   2.09896874e-01   6.60323000e-01
   2.06445539e-01   6.60218000e-01
   1.98295067e-01   6.60459000e-01
   2.03795037e-01   6.59862000e-01
   2.22417920e-01   6.60226000e-01
   2.10917943e-01   6.59899000e-01
   2.19563310e-01   6.61235000e-01
   2.08668670e-01   6.60021000e-01
   2.11367553e-01   6.59884000e-01
   2.08239599e-01   6.61031000e-01
   2.11367922e-01   6.60887000e-01
   2.18065537e-01   6.61743000e-01
   2.20208801e-01   6.60610000e-01
   1.96153107e-01   6.60671000e-01
   2.08901510e-01   6.59860000e-01
   2.16705175e-01   6.60266000e-01
   2.15866130e-01   6.60385000e-01
   2.10331887e-01   6.59136000e-01
   2.16967838e-01   6.61096000e-01
   2.03108931e-01   6.61049000e-01
   1.93067491e-01   6.60228000e-01
   2.05432338e-01   6.60530000e-01
   2.18997038e-01   6.60764000e-01
   2.01287657e-01   6.60924000e-01
   2.15600702e-01   6.60454000e-01
   2.05805523e-01   6.60253000e-01
   2.09818238e-01   6.61020000e-01
   2.08876691e-01   6.59530000e-01
   2.22826188e-01   6.60135000e-01
   2.13790051e-01   6.60155000e-01
   2.13989066e-01   6.59644000e-01
   2.17207807e-01   6.60435000e-01
   2.10531480e-01   6.60117000e-01
   2.10208960e-01   6.60434000e-01
   2.13630552e-01   6.60331000e-01
   2.07620422e-01   6.59118000e-01
   2.03613064e-01   6.60307000e-01
   2.07464018e-01   6.60578000e-01
   2.04073586e-01   6.60704000e-01
   2.05317321e-01   6.60915000e-01
   2.04163733e-01   6.59665000e-01
   2.12343466e-01   6.60876000e-01
   2.10998963e-01   6.60269000e-01
   2.04874261e-01   6.60945000e-01
   2.08452478e-01   6.59254000e-01
   1.92160661e-01   6.59915000e-01
   2.08260400e-01   6.60343000e-01
   2.14681965e-01   6.60155000e-01
   2.03450590e-01   6.60939000e-01
   2.17778903e-01   6.61059000e-01
   2.20558875e-01   6.60769000e-01
   2.13178078e-01   6.59578000e-01
   2.07964285e-01   6.59269000e-01
   1.85308537e-01   6.60119000e-01
   1.96759206e-01   6.60419000e-01
   2.18777223e-01   6.59575000e-01
   2.05082579e-01   6.60152000e-01
   2.07464455e-01   6.60158000e-01
   2.12134258e-01   6.60815000e-01
   2.02960126e-01   6.59615000e-01
   2.08523750e-01   6.60006000e-01
   2.10804081e-01   6.60090000e-01
   2.03547807e-01   6.60007000e-01
   2.04903944e-01   6.61566000e-01
   2.07767441e-01   6.60001000e-01
   2.22150881e-01   6.59758000e-01
   1.88151980e-01   6.60024000e-01
   2.15171584e-01   6.60325000e-01
   1.98634511e-01   6.60375000e-01
   2.21037861e-01   6.60571000e-01
   1.93617546e-01   6.60117000e-01
   2.10412874e-01   6.61040000e-01
   2.09539332e-01   6.60738000e-01
   2.05235667e-01   6.60593000e-01
   2.17568041e-01   6.60201000e-01
   2.08418692e-01   6.59421000e-01
   2.11986189e-01   6.60712000e-01
   2.09739338e-01   6.60493000e-01
   1.97897542e-01   6.59645000e-01
   2.16661031e-01   6.60510000e-01
   2.13470699e-01   6.60622000e-01
   1.93773437e-01   6.61368000e-01
   2.11821621e-01   6.61700000e-01
   2.02033264e-01   6.60955000e-01
   2.12758669e-01   6.59785000e-01
   2.13127014e-01   6.61536000e-01
   2.09416245e-01   6.61119000e-01
   2.17933540e-01   6.61104000e-01
   2.01646566e-01   6.60687000e-01
   1.96767539e-01   6.59896000e-01
   2.10944355e-01   6.60438000e-01
   1.96835131e-01   6.60413000e-01
   2.09199007e-01   6.60781000e-01
   2.15552965e-01   6.59474000e-01
   2.10106085e-01   6.61030000e-01
   2.16031142e-01   6.60782000e-01
   2.09932628e-01   6.60286000e-01
   2.17477943e-01   6.60109000e-01
   2.13136516e-01   6.61319000e-01
   2.02172169e-01   6.60221000e-01
   2.14802229e-01   6.59594000e-01
   2.15141455e-01   6.60021000e-01
   2.05571419e-01   6.59989000e-01
   2.03285946e-01   6.60169000e-01
   2.11594979e-01   6.60232000e-01
   1.98933668e-01   6.59957000e-01
   2.05428017e-01   6.60344000e-01
   2.09427827e-01   6.60507000e-01
   2.04194505e-01   6.60316000e-01
   1.95375543e-01   6.59520000e-01
   2.06427183e-01   6.60670000e-01
   2.12695973e-01   6.61036000e-01
   2.01415355e-01   6.60478000e-01
   2.06864714e-01   6.60398000e-01
   2.07065800e-01   6.60326000e-01
   1.91433099e-01   6.59699000e-01
   2.19775327e-01   6.60055000e-01
   2.13641336e-01   6.60525000e-01
   2.01672910e-01   6.60353000e-01
   2.05447172e-01   6.60267000e-01
   2.10034548e-01   6.60648000e-01
   2.16929028e-01   6.60596000e-01
   2.13851098e-01   6.60330000e-01
   1.98030066e-01   6.59811000e-01
   2.05910031e-01   6.59805000e-01
   2.15974001e-01   6.61147000e-01
   2.05266815e-01   6.59669000e-01
   2.18986782e-01   6.59907000e-01
   2.02616229e-01   6.60759000e-01
   2.15379370e-01   6.60159000e-01
   2.12757914e-01   6.60319000e-01
   2.14523395e-01   6.61172000e-01
   2.04818404e-01   6.59616000e-01
   2.12144001e-01   6.59980000e-01
   2.11403622e-01   6.60778000e-01
   2.11992006e-01   6.60937000e-01
   2.01649637e-01   6.60970000e-01
   2.08689670e-01   6.61265000e-01
   2.06960810e-01   6.59298000e-01
   2.07647609e-01   6.60935000e-01
   2.07263949e-01   6.60413000e-01
   1.98930110e-01   6.60657000e-01
   2.00852031e-01   6.60089000e-01
   2.16428893e-01   6.60109000e-01
   1.99817437e-01   6.60857000e-01
   2.07819630e-01   6.60712000e-01
   2.01422651e-01   6.60887000e-01
   2.01345623e-01   6.60683000e-01
   2.17149556e-01   6.60429000e-01
   2.17834341e-01   6.60966000e-01
   2.17190094e-01   6.60804000e-01
   2.19219800e-01   6.61247000e-01
   2.02424301e-01   6.59850000e-01
   2.10495304e-01   6.60620000e-01
   1.95046144e-01   6.60734000e-01
   2.05300468e-01   6.60521000e-01
   2.10957955e-01   6.61164000e-01
   2.03690794e-01   6.59963000e-01
   2.14083493e-01   6.60569000e-01
   2.02319746e-01   6.60241000e-01
   2.03677895e-01   6.60783000e-01
   2.00957362e-01   6.59444000e-01
   2.09233332e-01   6.61368000e-01
   2.13789289e-01   6.61175000e-01
   2.20285128e-01   6.60226000e-01
   2.14716186e-01   6.60246000e-01
   2.16824406e-01   6.61027000e-01
   2.08303898e-01   6.60440000e-01
   2.10570992e-01   6.60338000e-01
   2.11853849e-01   6.59090000e-01
   2.03566491e-01   6.59846000e-01
   2.17818476e-01   6.60999000e-01
   2.06792130e-01   6.59806000e-01
   2.17927304e-01   6.60402000e-01
   2.07612462e-01   6.60811000e-01
   2.12667893e-01   6.60436000e-01
   2.03971737e-01   6.59702000e-01
   2.21183641e-01   6.60789000e-01
   2.08889052e-01   6.60393000e-01
   1.99674208e-01   6.60033000e-01
   2.07483516e-01   6.60145000e-01
   2.00567875e-01   6.61119000e-01
   2.13324700e-01   6.61025000e-01
   1.99077253e-01   6.60685000e-01
   2.13331352e-01   6.60536000e-01
   2.18328469e-01   6.61183000e-01
   2.09011248e-01   6.59975000e-01
   2.01665527e-01   6.60182000e-01
   2.16897594e-01   6.60628000e-01
   2.05399517e-01   6.60859000e-01
   2.14940820e-01   6.60130000e-01
   1.87237169e-01   6.59752000e-01
   2.09746375e-01   6.60802000e-01
   2.03779223e-01   6.60629000e-01
   2.06271685e-01   6.61187000e-01
   2.30853565e-01   6.61222000e-01
   2.07332383e-01   6.60076000e-01
   2.18451563e-01   6.61378000e-01
   2.05360653e-01   6.61063000e-01
   2.02445126e-01   6.59949000e-01
   2.11803275e-01   6.60233000e-01
   2.06145855e-01   6.61131000e-01
   2.06148004e-01   6.60378000e-01
   2.17511984e-01   6.60011000e-01
   2.09244483e-01   6.60658000e-01
   2.03340098e-01   6.61553000e-01
   1.95600971e-01   6.59156000e-01
   2.09696284e-01   6.59680000e-01
   2.10608166e-01   6.60421000e-01
   2.11941966e-01   6.60171000e-01
   1.99784963e-01   6.61102000e-01
   1.98249014e-01   6.59409000e-01
   2.12780674e-01   6.60642000e-01
   1.99731998e-01   6.60863000e-01
   2.01731745e-01   6.59987000e-01
   2.19003503e-01   6.61237000e-01
   1.95668803e-01   6.59479000e-01
   2.14353434e-01   6.60209000e-01
   2.09925668e-01   6.60643000e-01
   2.20059231e-01   6.60211000e-01
   1.95242106e-01   6.59766000e-01
   2.12795557e-01   6.61365000e-01
   1.96937695e-01   6.59745000e-01
   1.97319122e-01   6.60769000e-01
   2.05497245e-01   6.60458000e-01
   2.23340928e-01   6.60682000e-01
   2.21343534e-01   6.60291000e-01
   2.16234009e-01   6.60552000e-01
   2.09396394e-01   6.60540000e-01
   2.12553140e-01   6.60060000e-01
   2.10943374e-01   6.60360000e-01
   2.15578907e-01   6.60467000e-01
   2.11779031e-01   6.60100000e-01
   1.89543441e-01   6.60197000e-01
   2.16148274e-01   6.60319000e-01
   2.09422850e-01   6.60288000e-01
   2.10305757e-01   6.60868000e-01
   2.11743363e-01   6.59971000e-01
   2.15992930e-01   6.59291000e-01
   1.96050009e-01   6.60815000e-01
   2.01914566e-01   6.61115000e-01
   1.98537527e-01   6.60278000e-01
   2.22045036e-01   6.60066000e-01
   2.07707725e-01   6.59286000e-01
   2.16210220e-01   6.60038000e-01
   1.94798950e-01   6.61538000e-01
   2.14906830e-01   6.60893000e-01
   2.13056617e-01   6.60586000e-01
   2.17333747e-01   6.59495000e-01
   2.17638772e-01   6.60784000e-01
   2.04697682e-01   6.60047000e-01
   1.98792472e-01   6.60175000e-01
   2.20728755e-01   6.60692000e-01
   2.11636861e-01   6.60032000e-01
   2.05957121e-01   6.60342000e-01
   2.05527151e-01   6.59646000e-01
   2.09012096e-01   6.60250000e-01
   2.17088782e-01   6.59765000e-01
   2.01860536e-01   6.59771000e-01
   2.19955027e-01   6.61320000e-01
   2.21222873e-01   6.60330000e-01
   2.05990823e-01   6.60332000e-01
   2.12822904e-01   6.59889000e-01
   2.00634653e-01   6.60060000e-01
   1.97192839e-01   6.60774000e-01
   2.05851503e-01   6.60722000e-01
   2.01980220e-01   6.60640000e-01
   2.16804972e-01   6.60516000e-01
   2.05051622e-01   6.60297000e-01
   2.21543807e-01   6.60118000e-01
   2.21647559e-01   6.59915000e-01
   2.09098240e-01   6.60777000e-01
   2.14261540e-01   6.59745000e-01
   1.99029194e-01   6.60463000e-01
   2.20883845e-01   6.60760000e-01
   1.92887254e-01   6.60246000e-01
   2.13928163e-01   6.61537000e-01
   2.14996003e-01   6.60613000e-01
   2.11654483e-01   6.59976000e-01
   2.08737490e-01   6.59486000e-01
   2.09863880e-01   6.60312000e-01
   2.06855531e-01   6.60330000e-01
   2.07926444e-01   6.61056000e-01
   1.90068476e-01   6.59333000e-01
   2.03969930e-01   6.60625000e-01
   2.14178711e-01   6.60630000e-01
   2.20186278e-01   6.59863000e-01
   2.11153346e-01   6.60513000e-01
   2.08576535e-01   6.60139000e-01
   2.12272275e-01   6.60700000e-01
   2.13244241e-01   6.61217000e-01
   2.15947675e-01   6.59569000e-01
   2.14196029e-01   6.60884000e-01
   2.14908017e-01   6.60565000e-01
   2.01687650e-01   6.60259000e-01
   2.06844813e-01   6.60182000e-01
   1.90952980e-01   6.59861000e-01
   2.08381811e-01   6.60112000e-01
   2.13112326e-01   6.59851000e-01
   2.25945127e-01   6.60119000e-01
   2.02394926e-01   6.61259000e-01
   2.06469851e-01   6.59485000e-01
   2.07304349e-01   6.60587000e-01
   2.15148177e-01   6.60430000e-01
   2.12170220e-01   6.60865000e-01
   2.10056736e-01   6.59525000e-01
   2.19771357e-01   6.60023000e-01
   2.04099308e-01   6.60170000e-01
   2.14144256e-01   6.60278000e-01
   2.05968792e-01   6.59770000e-01
   2.07063755e-01   6.60034000e-01
   2.15990332e-01   6.60019000e-01
   2.13315359e-01   6.60350000e-01
   2.09513038e-01   6.60993000e-01
   1.87711168e-01   6.61006000e-01
   2.05438128e-01   6.60385000e-01
   2.13446186e-01   6.60874000e-01
   2.06573098e-01   6.60015000e-01
   2.00308379e-01   6.60891000e-01
   2.04761730e-01   6.60511000e-01
   2.13336027e-01   6.61051000e-01
   1.94915969e-01   6.59982000e-01
   2.11064234e-01   6.60894000e-01
   2.17157650e-01   6.60792000e-01
   2.01349465e-01   6.59949000e-01
   2.17755255e-01   6.60072000e-01
   1.96414235e-01   6.60759000e-01
   1.79004008e-01   6.60920000e-01
   2.08640584e-01   6.60574000e-01
   2.04278227e-01   6.60311000e-01
   2.16350690e-01   6.59436000e-01
   1.96944861e-01   6.60019000e-01
   2.20964333e-01   6.59585000e-01
   2.13001980e-01   6.60337000e-01
   2.13649027e-01   6.60370000e-01
   1.91129974e-01   6.60112000e-01
   1.91895439e-01   6.60293000e-01
   1.94211008e-01   6.59974000e-01
   2.14502811e-01   6.61157000e-01
   1.99698629e-01   6.60485000e-01
   1.99036258e-01   6.60277000e-01
   2.15252712e-01   6.60079000e-01
   2.03872655e-01   6.60314000e-01
   2.11746735e-01   6.60528000e-01
   2.09023340e-01   6.60640000e-01
   2.09907961e-01   6.60573000e-01
   1.93105321e-01   6.61516000e-01
   2.15009266e-01   6.60566000e-01
   2.02047495e-01   6.59969000e-01
   1.95590430e-01   6.60672000e-01
   2.21123774e-01   6.60732000e-01
   2.12107177e-01   6.60222000e-01
   1.99969655e-01   6.58906000e-01
   1.92216797e-01   6.60830000e-01
   2.03641635e-01   6.59697000e-01
   2.12058548e-01   6.60750000e-01
   2.13901198e-01   6.59669000e-01
   2.06592469e-01   6.59671000e-01
   1.93528163e-01   6.60523000e-01
   2.06012754e-01   6.60942000e-01
   2.13529066e-01   6.60709000e-01
   1.93728340e-01   6.61929000e-01
   2.07538523e-01   6.60785000e-01
   2.14160790e-01   6.59791000e-01
   2.17589380e-01   6.59631000e-01
   1.95698077e-01   6.59913000e-01
   2.24882351e-01   6.61563000e-01
   2.05034214e-01   6.59861000e-01
   2.14446781e-01   6.61467000e-01
   2.11608666e-01   6.60074000e-01
   2.02166129e-01   6.60701000e-01
   2.09666878e-01   6.60189000e-01
   2.09025986e-01   6.60066000e-01
   2.18472062e-01   6.59701000e-01
   1.91728100e-01   6.60225000e-01
   2.05698061e-01   6.61095000e-01
   2.07290204e-01   6.59379000e-01
   2.03762532e-01   6.59733000e-01
   2.19632812e-01   6.60102000e-01
   2.16398600e-01   6.60182000e-01
   1.96563808e-01   6.59581000e-01
   2.19482971e-01   6.59754000e-01
   2.03171205e-01   6.60342000e-01
   2.02908141e-01   6.60104000e-01
   2.04935225e-01   6.61439000e-01
   2.07307541e-01   6.60260000e-01
   2.06818069e-01   6.59814000e-01
   2.06039829e-01   6.59514000e-01
   2.09753266e-01   6.59453000e-01
   2.10367723e-01   6.60221000e-01
   2.24042757e-01   6.60963000e-01
   2.15193865e-01   6.60710000e-01
   2.16411359e-01   6.60696000e-01
   2.10823691e-01   6.59150000e-01
   2.11468005e-01   6.60025000e-01
   1.96275563e-01   6.60424000e-01
   2.06573946e-01   6.59747000e-01
   2.12195226e-01   6.60610000e-01
   2.11043384e-01   6.60149000e-01
   2.09634725e-01   6.60556000e-01
   2.09216487e-01   6.60938000e-01
   2.08448434e-01   6.60604000e-01
   2.10710537e-01   6.59766000e-01
   2.13280617e-01   6.60374000e-01
   2.05176393e-01   6.61838000e-01
   1.91237191e-01   6.60437000e-01
   2.03044417e-01   6.60271000e-01
   2.16363452e-01   6.60553000e-01
   2.22273151e-01   6.61156000e-01
   2.14673353e-01   6.59751000e-01
   2.00907609e-01   6.60810000e-01
   2.16608041e-01   6.60246000e-01
   2.10980898e-01   6.59932000e-01
   1.97574463e-01   6.60274000e-01
   2.07141694e-01   6.60392000e-01
   2.20026020e-01   6.60077000e-01
   2.08521680e-01   6.59692000e-01
   2.14813851e-01   6.60392000e-01
   2.12268420e-01   6.59932000e-01
   2.15016867e-01   6.60770000e-01
   2.15328874e-01   6.61369000e-01
   2.01639442e-01   6.59875000e-01
   2.18663891e-01   6.60587000e-01
   2.06731620e-01   6.61107000e-01
   1.99815387e-01   6.61047000e-01
   2.05282030e-01   6.59411000e-01
   2.10989663e-01   6.60736000e-01
   2.14230916e-01   6.61315000e-01
   2.05370396e-01   6.60230000e-01
   2.11885316e-01   6.60523000e-01
   2.04677690e-01   6.61083000e-01
   2.06188117e-01   6.59786000e-01
   2.09886076e-01   6.59688000e-01
   2.03091133e-01   6.60618000e-01
   2.04901928e-01   6.59187000e-01
   2.11252420e-01   6.60634000e-01
   2.17435431e-01   6.60886000e-01
   2.11139035e-01   6.60616000e-01
   1.98947072e-01   6.59652000e-01
   2.11224954e-01   6.60820000e-01
   2.11819650e-01   6.60630000e-01
   2.03365855e-01   6.60181000e-01
   2.07933094e-01   6.61387000e-01
   2.11755726e-01   6.60333000e-01
   2.03473061e-01   6.60217000e-01
   2.08905573e-01   6.59467000e-01
   2.11067287e-01   6.60541000e-01
   2.18208506e-01   6.59969000e-01
   2.00499357e-01   6.60451000e-01
   2.04824713e-01   6.60277000e-01
   2.04248964e-01   6.60350000e-01
   2.02454138e-01   6.59395000e-01
   1.98367845e-01   6.61097000e-01
   2.00060763e-01   6.60744000e-01
   2.17546409e-01   6.60606000e-01
   2.10512116e-01   6.60971000e-01
   2.20322531e-01   6.60977000e-01
   2.06552875e-01   6.59947000e-01
   1.88325277e-01   6.61638000e-01
   2.07922118e-01   6.61812000e-01
   2.12633661e-01   6.60653000e-01
   2.05309010e-01   6.60433000e-01
   2.07204567e-01   6.60639000e-01
   2.07983810e-01   6.60875000e-01
   2.13509459e-01   6.60226000e-01
   2.08682112e-01   6.59839000e-01
   2.11125224e-01   6.61183000e-01
   2.01684546e-01   6.60452000e-01
   2.06558067e-01   6.60684000e-01
   2.15682050e-01   6.59986000e-01
   1.97622967e-01   6.60384000e-01
   1.98942068e-01   6.59958000e-01
   2.16821238e-01   6.60481000e-01
   1.96646501e-01   6.60454000e-01
   1.99816109e-01   6.60454000e-01
   2.09911943e-01   6.61120000e-01
   2.19379277e-01   6.59844000e-01
   2.12010358e-01   6.59812000e-01
   2.19475762e-01   6.61021000e-01
   2.11414316e-01   6.60084000e-01
   2.06464208e-01   6.60284000e-01
   2.20212056e-01   6.58849000e-01
   2.10932186e-01   6.61607000e-01
   1.97984805e-01   6.60317000e-01
   2.08880861e-01   6.60684000e-01
   2.14412123e-01   6.59808000e-01
   2.13032878e-01   6.60079000e-01
   2.06166143e-01   6.60011000e-01
   2.08927579e-01   6.60609000e-01
   2.06458103e-01   6.60570000e-01
   2.10372805e-01   6.60457000e-01
   2.00543497e-01   6.60588000e-01
   2.04931661e-01   6.59983000e-01
   2.17906431e-01   6.60051000e-01
   2.08611004e-01   6.58707000e-01
   2.17308776e-01   6.60899000e-01
   2.09072547e-01   6.60137000e-01
   2.06953472e-01   6.59804000e-01
   2.01777323e-01   6.61059000e-01
   2.03419199e-01   6.60392000e-01
   2.10998066e-01   6.60004000e-01
   2.02093012e-01   6.60075000e-01
   2.12944222e-01   6.59597000e-01
   2.03431114e-01   6.60597000e-01
   2.01879652e-01   6.60873000e-01
   1.96508746e-01   6.61867000e-01
   2.15869078e-01   6.61053000e-01
   2.01339012e-01   6.60642000e-01
   2.08889924e-01   6.60577000e-01
   2.04313366e-01   6.59961000e-01
   2.21326190e-01   6.61277000e-01
   2.17694080e-01   6.60160000e-01
   1.96982338e-01   6.60068000e-01
   2.14602587e-01   6.60306000e-01
   2.15402360e-01   6.60200000e-01
   2.20797621e-01   6.61006000e-01
   2.02289278e-01   6.60525000e-01
   2.18959571e-01   6.60663000e-01
   1.99937829e-01   6.60432000e-01
   2.02568039e-01   6.59531000e-01
   2.16861984e-01   6.60785000e-01
   2.04428858e-01   6.59663000e-01
   2.02366907e-01   6.59519000e-01
   1.95195426e-01   6.60279000e-01
   2.00430399e-01   6.60326000e-01
   2.10041571e-01   6.61385000e-01
   2.06610769e-01   6.59907000e-01
   2.16907246e-01   6.61049000e-01
   2.22086688e-01   6.60720000e-01
   2.08445340e-01   6.60299000e-01
   2.06220863e-01   6.59591000e-01
   2.05555124e-01   6.60277000e-01
   2.12442430e-01   6.60104000e-01
   2.05974728e-01   6.60441000e-01
   2.04608870e-01   6.60781000e-01
   2.16057172e-01   6.60002000e-01
   1.96858864e-01   6.59772000e-01
   2.03823823e-01   6.60984000e-01
   2.15095010e-01   6.59324000e-01
   2.03100001e-01   6.60180000e-01
   2.15445974e-01   6.60271000e-01
   2.12690568e-01   6.60725000e-01
   2.24190932e-01   6.60861000e-01
   2.13138991e-01   6.60919000e-01
   2.03282785e-01   6.60130000e-01
   2.13046622e-01   6.60715000e-01
   1.95798390e-01   6.59822000e-01
   2.16050711e-01   6.60238000e-01
   2.06842678e-01   6.60840000e-01
   2.01786870e-01   6.59815000e-01
   2.08917713e-01   6.60567000e-01
   2.11013567e-01   6.60218000e-01
   2.04234569e-01   6.60060000e-01
   2.07098555e-01   6.59936000e-01
   1.93267208e-01   6.60873000e-01
   2.05183496e-01   6.61339000e-01
   2.09403362e-01   6.60894000e-01
   1.84183275e-01   6.60283000e-01
   2.08694016e-01   6.61036000e-01
   2.18160917e-01   6.60361000e-01
   1.98077965e-01   6.59539000e-01
   2.13110091e-01   6.60622000e-01
   2.04676523e-01   6.60222000e-01
   2.15731042e-01   6.60119000e-01
   2.12964795e-01   6.61681000e-01
   2.12205067e-01   6.60315000e-01
   2.11007499e-01   6.60039000e-01
   2.16637487e-01   6.60040000e-01
   2.06790151e-01   6.60716000e-01
   2.18032032e-01   6.60311000e-01
   2.22728667e-01   6.61261000e-01
   2.10752467e-01   6.60504000e-01
   2.17411485e-01   6.60827000e-01
   2.15375786e-01   6.61711000e-01
   2.19458269e-01   6.61143000e-01
   2.13753425e-01   6.60768000e-01
   2.17747851e-01   6.60930000e-01
   1.90471832e-01   6.59737000e-01
   2.11309596e-01   6.60344000e-01
   2.24058828e-01   6.61360000e-01
   1.89557038e-01   6.60290000e-01
   2.17733541e-01   6.61218000e-01
   1.99333791e-01   6.61003000e-01
   2.23930755e-01   6.61112000e-01
   1.94178438e-01   6.60012000e-01
   2.13664057e-01   6.60556000e-01
   2.21249760e-01   6.61043000e-01
   2.19935080e-01   6.60501000e-01
   1.79033428e-01   6.60363000e-01
   2.09902902e-01   6.59667000e-01
   2.19676424e-01   6.60545000e-01
   2.06959876e-01   6.61109000e-01
   2.08681194e-01   6.59594000e-01
   1.96336949e-01   6.59824000e-01
   2.05257824e-01   6.60064000e-01
   2.13016863e-01   6.60889000e-01
   2.05047829e-01   6.60636000e-01
   2.04231014e-01   6.59908000e-01
   1.99274103e-01   6.60525000e-01
   2.04252496e-01   6.60908000e-01
   1.90749494e-01   6.61094000e-01
   2.07337389e-01   6.60810000e-01
   2.08797656e-01   6.60119000e-01
   2.04471301e-01   6.60107000e-01
   2.12509826e-01   6.60336000e-01
   2.18801549e-01   6.60169000e-01
   1.99941635e-01   6.59340000e-01
   2.15170553e-01   6.60678000e-01
   2.26557550e-01   6.59890000e-01
   1.90905364e-01   6.60627000e-01
   2.15101126e-01   6.61178000e-01
   2.04250529e-01   6.60577000e-01
   2.02770514e-01   6.60059000e-01
   2.11418015e-01   6.59759000e-01
   1.95160855e-01   6.60779000e-01
   2.11572196e-01   6.59989000e-01
   2.06665967e-01   6.59917000e-01
   2.00090819e-01   6.60365000e-01
   2.13686663e-01   6.60249000e-01
   2.06504122e-01   6.60068000e-01
   2.04106360e-01   6.60567000e-01
   2.21243897e-01   6.61204000e-01
   2.05706711e-01   6.60291000e-01
   2.07105200e-01   6.60169000e-01
   2.10748583e-01   6.59833000e-01
   2.14231717e-01   6.59691000e-01
   2.12854024e-01   6.60591000e-01
   2.14141544e-01   6.60775000e-01
   1.89416050e-01   6.60592000e-01
   2.15708597e-01   6.60914000e-01
   2.03673515e-01   6.60146000e-01
   2.17909668e-01   6.60393000e-01
   2.07528298e-01   6.60603000e-01
   2.12514059e-01   6.60732000e-01
   2.05262572e-01   6.61135000e-01
   2.13911191e-01   6.60840000e-01
   2.10546335e-01   6.58225000e-01
   2.12899974e-01   6.59645000e-01
   2.16642903e-01   6.60790000e-01
   2.07544823e-01   6.60265000e-01
   2.11050967e-01   6.61267000e-01
   2.04342057e-01   6.60674000e-01
   2.02550456e-01   6.59723000e-01
   2.11162640e-01   6.58821000e-01
   2.10110827e-01   6.60872000e-01
   2.14108975e-01   6.60313000e-01
   2.09005250e-01   6.60558000e-01
   2.08927558e-01   6.60734000e-01
   2.05421231e-01   6.60027000e-01
   2.11211868e-01   6.61132000e-01
   2.08744797e-01   6.60848000e-01
   2.15842630e-01   6.61107000e-01
   2.11124526e-01   6.59778000e-01
   2.14014393e-01   6.60507000e-01
   1.88628453e-01   6.59741000e-01
   2.07675110e-01   6.60230000e-01
   2.08680060e-01   6.60210000e-01
   1.93271185e-01   6.60648000e-01
   2.12563018e-01   6.60511000e-01
   2.15406706e-01   6.60725000e-01
   2.27664478e-01   6.60939000e-01
   2.05630362e-01   6.59795000e-01
   2.08947987e-01   6.61006000e-01
   2.21838564e-01   6.60238000e-01
   1.99191097e-01   6.60660000e-01
   2.07014278e-01   6.60758000e-01
   2.06163471e-01   6.60848000e-01
   1.87266772e-01   6.60493000e-01
   2.05212297e-01   6.59893000e-01
   2.16858560e-01   6.59077000e-01
   2.07515670e-01   6.60934000e-01
   1.98634013e-01   6.60124000e-01
   2.06772247e-01   6.60187000e-01
   2.06640752e-01   6.61730000e-01
   2.14141662e-01   6.59709000e-01
   2.12960149e-01   6.60238000e-01
   1.98887128e-01   6.59327000e-01
   1.97613874e-01   6.60073000e-01
   2.03260966e-01   6.61026000e-01
   2.13950473e-01   6.60162000e-01
   2.02880325e-01   6.61513000e-01
   1.90755506e-01   6.60477000e-01
   2.17943820e-01   6.60474000e-01
   1.98168792e-01   6.59939000e-01
   1.97747102e-01   6.59827000e-01
   2.15396043e-01   6.60281000e-01
   1.96783197e-01   6.60221000e-01
   2.17070334e-01   6.60626000e-01
   2.07777993e-01   6.59250000e-01
   2.12348416e-01   6.60773000e-01
   2.18823144e-01   6.60940000e-01
   2.19669807e-01   6.60171000e-01
   1.97026391e-01   6.60714000e-01
   1.97829550e-01   6.60666000e-01
   2.11038048e-01   6.60059000e-01
   2.03331665e-01   6.60136000e-01
   2.17328360e-01   6.60300000e-01
   2.14563602e-01   6.60698000e-01
   2.04742116e-01   6.60864000e-01
   2.07975017e-01   6.60937000e-01
   2.05934333e-01   6.59918000e-01
   2.07505530e-01   6.61088000e-01
   1.99592850e-01   6.60628000e-01
   2.04882781e-01   6.61146000e-01
   2.00685911e-01   6.60353000e-01
   2.00764600e-01   6.60224000e-01
   2.03049132e-01   6.59810000e-01
   1.94709267e-01   6.59558000e-01
   2.17994905e-01   6.60488000e-01
   2.11918741e-01   6.59949000e-01
   2.05000847e-01   6.60336000e-01
   2.13456646e-01   6.60073000e-01
   1.96256358e-01   6.60910000e-01
   2.07388306e-01   6.60029000e-01
   2.13215691e-01   6.61025000e-01
   1.98045677e-01   6.60443000e-01
   2.21863584e-01   6.60757000e-01
   2.05959619e-01   6.59417000e-01
   2.06769190e-01   6.60395000e-01
   2.03478141e-01   6.60079000e-01
   2.06357111e-01   6.60254000e-01
   2.07763870e-01   6.60803000e-01
   2.10588466e-01   6.60532000e-01
   2.07455629e-01   6.60109000e-01
   1.89655223e-01   6.60659000e-01
   2.30132109e-01   6.60887000e-01
   1.91566344e-01   6.60736000e-01
   2.21777762e-01   6.60134000e-01
   2.01609655e-01   6.60117000e-01
   2.18708082e-01   6.59531000e-01
   2.07957530e-01   6.60434000e-01
   2.03517382e-01   6.59993000e-01
   2.06188079e-01   6.61084000e-01
   1.96896869e-01   6.61516000e-01
   2.07026544e-01   6.61114000e-01
   2.25176054e-01   6.61111000e-01
   2.11705840e-01   6.61351000e-01
   2.08626745e-01   6.60207000e-01
   2.17704005e-01   6.60798000e-01
   2.19561969e-01   6.59701000e-01
   2.11029490e-01   6.60170000e-01
   2.06076968e-01   6.60003000e-01
   2.00874138e-01   6.61390000e-01
   2.15862613e-01   6.60283000e-01
   1.99804950e-01   6.60777000e-01
   2.12674007e-01   6.60769000e-01
   2.06217664e-01   6.61574000e-01
   1.96586915e-01   6.60650000e-01
   2.06387038e-01   6.59908000e-01
   2.13228500e-01   6.59751000e-01
   2.08037605e-01   6.60147000e-01
   2.01846431e-01   6.59903000e-01
   2.10100624e-01   6.61375000e-01
   2.19214821e-01   6.60284000e-01
   2.03781001e-01   6.60759000e-01
   2.03834459e-01   6.59241000e-01
   2.07664093e-01   6.58782000e-01
   2.23390772e-01   6.61675000e-01
   2.03978121e-01   6.59560000e-01
   2.04504618e-01   6.59291000e-01
   1.90639959e-01   6.60439000e-01
   2.08579149e-01   6.60269000e-01
   2.17687055e-01   6.60842000e-01
   2.21731489e-01   6.61021000e-01
   2.15294912e-01   6.59994000e-01
   2.21993572e-01   6.60274000e-01
   2.13526491e-01   6.60714000e-01
   2.18008135e-01   6.59950000e-01
   2.07793380e-01   6.60074000e-01
   2.14431616e-01   6.60539000e-01
   1.93131966e-01   6.61449000e-01
   2.12697209e-01   6.59328000e-01
   2.03983705e-01   6.60618000e-01
   1.99709815e-01   6.59732000e-01
   2.13809925e-01   6.59667000e-01
   2.09926715e-01   6.60236000e-01
   1.94777826e-01   6.61236000e-01
   2.03029176e-01   6.60783000e-01
   2.11335258e-01   6.60249000e-01
   1.93351073e-01   6.60224000e-01
   2.06077279e-01   6.60599000e-01
   2.11846861e-01   6.60173000e-01
   1.99452409e-01   6.60889000e-01
   2.02929053e-01   6.59321000e-01
   2.05913538e-01   6.59748000e-01
   2.10831123e-01   6.60426000e-01
   2.06482143e-01   6.59944000e-01
   1.99502437e-01   6.60151000e-01
   2.01812925e-01   6.60193000e-01
   2.14356136e-01   6.60659000e-01
   2.12652544e-01   6.61321000e-01
   2.10378132e-01   6.60293000e-01
   2.01710657e-01   6.61095000e-01
   1.93176200e-01   6.60206000e-01
   2.14014961e-01   6.60760000e-01
   2.14907189e-01   6.60623000e-01
   1.95538907e-01   6.60576000e-01
   2.08955261e-01   6.60729000e-01
   2.03493807e-01   6.61373000e-01
   2.04299558e-01   6.59596000e-01
   2.11530432e-01   6.60948000e-01
   2.01648571e-01   6.59728000e-01
   2.01056052e-01   6.60241000e-01
   1.96562305e-01   6.60857000e-01
   2.10185293e-01   6.60508000e-01
   2.04369701e-01   6.61918000e-01
   2.11643934e-01   6.60551000e-01
   2.06688232e-01   6.59852000e-01
   2.11941505e-01   6.60237000e-01
   2.09407768e-01   6.59461000e-01
   2.13263079e-01   6.60622000e-01
   2.05441187e-01   6.60675000e-01
   2.14819766e-01   6.59792000e-01
   1.93792671e-01   6.60269000e-01
   1.97733015e-01   6.60202000e-01
   2.09766684e-01   6.60948000e-01
   2.23043588e-01   6.60143000e-01
   2.13548808e-01   6.60876000e-01
   2.05261728e-01   6.59186000e-01
   2.07876056e-01   6.60354000e-01
   2.11561033e-01   6.61025000e-01
   2.09840164e-01   6.60134000e-01
   2.15694099e-01   6.60039000e-01
   2.17940116e-01   6.59863000e-01
   2.15550023e-01   6.59903000e-01
   2.19889935e-01   6.60657000e-01
   2.11204525e-01   6.61064000e-01
   2.15494865e-01   6.60045000e-01
   1.96621068e-01   6.60935000e-01
   1.94517822e-01   6.59298000e-01
   2.10453848e-01   6.60963000e-01
   2.11746265e-01   6.60336000e-01
   1.85046517e-01   6.59307000e-01
   2.15326289e-01   6.59971000e-01
   2.08834946e-01   6.60044000e-01
   2.22982861e-01   6.60769000e-01
   2.15595319e-01   6.60368000e-01
   2.16349883e-01   6.60953000e-01
   2.04893564e-01   6.60412000e-01
   2.09883282e-01   6.60349000e-01
   2.07711069e-01   6.60290000e-01
   2.15858919e-01   6.59998000e-01
   2.10716005e-01   6.60544000e-01
   2.09574688e-01   6.59895000e-01
   2.02712331e-01   6.59677000e-01
   2.03143627e-01   6.60570000e-01
   2.12379477e-01   6.61048000e-01
   2.11827782e-01   6.60008000e-01
   2.14370195e-01   6.60685000e-01
   2.14937946e-01   6.61049000e-01
   2.11224156e-01   6.61111000e-01
   2.10195821e-01   6.60262000e-01
   2.16037755e-01   6.60863000e-01
   2.02634863e-01   6.61322000e-01
   2.03050806e-01   6.60711000e-01
   1.92631622e-01   6.60037000e-01
   2.05877644e-01   6.60747000e-01
   2.04904526e-01   6.60219000e-01
   1.97802037e-01   6.59935000e-01
   2.11670388e-01   6.61063000e-01
   2.05738816e-01   6.60340000e-01
   2.07859719e-01   6.60622000e-01
   1.97834082e-01   6.60129000e-01
   2.00991541e-01   6.60548000e-01
   2.01892472e-01   6.60480000e-01
   2.05695631e-01   6.59772000e-01
   2.07972246e-01   6.60767000e-01
   2.00338624e-01   6.60999000e-01
   2.13933170e-01   6.60115000e-01
   2.25731086e-01   6.60631000e-01
   2.09856331e-01   6.60264000e-01
   2.14990468e-01   6.60403000e-01
   2.21549025e-01   6.60444000e-01
   1.97492736e-01   6.60185000e-01
   2.00244045e-01   6.59893000e-01
   2.02332949e-01   6.60309000e-01
   2.00832612e-01   6.60600000e-01
   2.16461141e-01   6.60815000e-01
   2.03486566e-01   6.61183000e-01
   1.96915099e-01   6.60393000e-01
   2.18353343e-01   6.60448000e-01
   2.10263827e-01   6.60355000e-01
   2.06214197e-01   6.60242000e-01
   2.10717290e-01   6.60611000e-01
   2.05860406e-01   6.59630000e-01
   2.07969953e-01   6.60997000e-01
   2.07767224e-01   6.60551000e-01
   2.07331917e-01   6.60598000e-01
   1.99009405e-01   6.60941000e-01
   2.04928128e-01   6.61323000e-01
   2.08674585e-01   6.60110000e-01
   2.12520641e-01   6.60046000e-01
   2.03577053e-01   6.60256000e-01
   2.03737594e-01   6.60438000e-01
   2.06843079e-01   6.60500000e-01
   2.01588245e-01   6.60513000e-01
   2.14758094e-01   6.60784000e-01
   2.12683572e-01   6.59530000e-01
   1.91583220e-01   6.60060000e-01
   2.16052029e-01   6.59495000e-01
   2.17830599e-01   6.61571000e-01
   1.97731783e-01   6.60251000e-01
   2.13070427e-01   6.60225000e-01
   2.20863707e-01   6.60798000e-01
   2.07162204e-01   6.60661000e-01
   1.98387650e-01   6.60537000e-01
   2.13764138e-01   6.59998000e-01
   2.07065713e-01   6.60409000e-01
   2.08104994e-01   6.60935000e-01
   2.10721532e-01   6.60355000e-01
   2.14747790e-01   6.60183000e-01
   2.03306039e-01   6.60631000e-01
   2.03400847e-01   6.61041000e-01
   2.11939641e-01   6.60283000e-01
   2.14385504e-01   6.60290000e-01
   2.09027210e-01   6.60721000e-01
   2.13884180e-01   6.60884000e-01
   2.00625664e-01   6.61106000e-01
   2.18874395e-01   6.60115000e-01
   2.12615238e-01   6.60317000e-01
   2.11750288e-01   6.60060000e-01
   2.16620661e-01   6.59828000e-01
   2.08823855e-01   6.60474000e-01
   2.13461475e-01   6.61144000e-01
   2.01123640e-01   6.61157000e-01
   2.02059116e-01   6.59475000e-01
   2.07115253e-01   6.60454000e-01
   2.01856804e-01   6.59475000e-01
   2.09519076e-01   6.60175000e-01
   1.97868915e-01   6.59812000e-01
   2.07039850e-01   6.59734000e-01
   2.13312004e-01   6.60121000e-01
   2.03557619e-01   6.60331000e-01
   2.21711492e-01   6.60358000e-01
   2.08417305e-01   6.60657000e-01
   2.02115768e-01   6.60510000e-01
   2.17411381e-01   6.60181000e-01
   1.92935250e-01   6.60229000e-01
   2.07177246e-01   6.60685000e-01
   2.04756279e-01   6.60561000e-01
   2.03100502e-01   6.60287000e-01
   2.15593631e-01   6.60293000e-01
   2.15112075e-01   6.60308000e-01
   2.17305770e-01   6.60495000e-01
   2.02898631e-01   6.60650000e-01
   2.12051698e-01   6.60579000e-01
   2.09570048e-01   6.59763000e-01
   2.07562638e-01   6.60957000e-01
   2.09127607e-01   6.61469000e-01
   1.99478449e-01   6.59665000e-01
   1.99717646e-01   6.60239000e-01
   2.02893327e-01   6.61209000e-01
   2.08556240e-01   6.60116000e-01
