#             |P|               []
   6.63971098e-02   5.81375000e-01
   2.91572713e-02   5.80970000e-01
   4.93703114e-02   5.81258000e-01
   4.89466684e-02   5.81532000e-01
   1.72341130e-02   5.81886000e-01
   1.85157651e-02   5.81752000e-01
   5.07412389e-02   5.80527000e-01
   6.09863904e-02   5.82919000e-01
   5.36013088e-02   5.81420000e-01
   3.66674305e-02   5.81266000e-01
   3.56983596e-02   5.81730000e-01
   5.05518265e-02   5.80911000e-01
   5.68534282e-02   5.82729000e-01
   1.80847861e-02   5.80982000e-01
   7.44783531e-02   5.82223000e-01
   5.19066796e-02   5.81755000e-01
   1.79636216e-02   5.80708000e-01
   5.86658798e-02   5.81557000e-01
   7.28317924e-02   5.81905000e-01
   6.66715353e-02   5.82079000e-01
   5.57837839e-02   5.81687000e-01
   3.33525187e-02   5.80928000e-01
   4.56388900e-02   5.81094000e-01
   6.69148434e-02   5.82795000e-01
   2.58682086e-02   5.81828000e-01
   3.23488433e-02   5.80081000e-01
   2.31332391e-02   5.81238000e-01
   5.51802759e-02   5.81906000e-01
   3.68421624e-02   5.81321000e-01
   8.32230472e-03   5.80899000e-01
   5.88209260e-02   5.81132000e-01
   5.17229202e-02   5.81755000e-01
   3.69930474e-02   5.80592000e-01
   5.99678880e-02   5.80764000e-01
   9.97371603e-03   5.81818000e-01
   4.91283817e-02   5.81603000e-01
   8.46628429e-03   5.80801000e-01
   6.14610125e-02   5.80849000e-01
   4.87103935e-02   5.81549000e-01
   5.22201630e-02   5.81580000e-01
   4.14215622e-02   5.81831000e-01
   4.14256435e-02   5.82085000e-01
   3.22162528e-02   5.82141000e-01
   1.14819870e-02   5.81767000e-01
   5.50190381e-03   5.80653000e-01
   4.13506899e-02   5.80843000e-01
   6.69548280e-02   5.81889000e-01
   6.08595883e-02   5.81563000e-01
   6.74126786e-02   5.81453000e-01
   5.92825205e-02   5.82307000e-01
   1.68312230e-02   5.79668000e-01
   4.83152579e-02   5.82159000e-01
   6.20588812e-02   5.82335000e-01
   4.34236566e-02   5.80588000e-01
   5.44157323e-02   5.80704000e-01
   1.86048182e-02   5.82064000e-01
   6.42152408e-02   5.82037000e-01
   6.26466764e-02   5.80934000e-01
   7.31236902e-02   5.82041000e-01
   1.23833336e-02   5.80970000e-01
   7.82540449e-02   5.81984000e-01
   9.06774293e-02   5.82371000e-01
   6.55034565e-02   5.80132000e-01
   1.09071373e-02   5.82354000e-01
   3.97366540e-02   5.81299000e-01
   5.90202632e-02   5.81683000e-01
   6.78564562e-02   5.83034000e-01
   3.83618807e-02   5.82778000e-01
   7.54363006e-02   5.83210000e-01
   2.56748455e-02   5.81182000e-01
   1.35294823e-02   5.80597000e-01
   2.00042836e-02   5.80497000e-01
   5.29711562e-02   5.81564000e-01
   9.40077959e-03   5.82157000e-01
   7.22354099e-02   5.81930000e-01
   9.84747195e-03   5.81212000e-01
   6.58558648e-02   5.80840000e-01
   8.11256005e-02   5.83138000e-01
   2.01051099e-02   5.82008000e-01
   5.74859190e-02   5.79990000e-01
   5.67711543e-02   5.81964000e-01
   7.13235947e-03   5.81176000e-01
   5.84220145e-02   5.81507000e-01
   9.19539233e-03   5.80880000e-01
   2.05237301e-02   5.80703000e-01
   4.09746966e-02   5.81427000e-01
   2.77735830e-02   5.82616000e-01
   3.08565811e-02   5.81458000e-01
   4.23366029e-02   5.80643000e-01
   6.60292268e-02   5.82557000e-01
   4.14451968e-02   5.82024000e-01
   1.46759019e-02   5.83258000e-01
   1.04526388e-02   5.81851000e-01
   5.05816069e-02   5.81162000e-01
   6.72727961e-02   5.80267000e-01
   6.26290364e-02   5.82843000e-01
   6.57537476e-02   5.81495000e-01
   6.50014455e-02   5.81979000e-01
   5.86692259e-02   5.82107000e-01
   6.13552273e-02   5.82261000e-01
   6.75612780e-02   5.82260000e-01
   5.12307491e-02   5.80677000e-01
   4.43130559e-02   5.80476000e-01
   7.75516336e-02   5.81232000e-01
   5.98308182e-02   5.82194000e-01
   4.30786787e-02   5.81417000e-01
   2.36300160e-02   5.80456000e-01
   3.18648100e-02   5.81440000e-01
   4.66989440e-02   5.81489000e-01
   1.06827225e-02   5.80789000e-01
   1.59838418e-02   5.81345000e-01
   3.63552077e-02   5.80728000e-01
   1.07119628e-02   5.80173000e-01
   2.38525060e-02   5.80909000e-01
   4.18343954e-02   5.82624000e-01
   6.04657334e-02   5.82805000e-01
   6.60141860e-02   5.81219000e-01
   2.77101655e-02   5.82225000e-01
   5.37138964e-02   5.81521000e-01
   1.91191131e-02   5.82212000e-01
   6.58245854e-02   5.81696000e-01
   2.40616593e-02   5.82158000e-01
   6.22800331e-02   5.81556000e-01
   7.23295769e-03   5.79698000e-01
   3.74379088e-02   5.80322000e-01
   2.03718979e-02   5.79835000e-01
   1.01077330e-02   5.80750000e-01
   6.46653413e-02   5.80881000e-01
   4.54157394e-02   5.81158000e-01
   5.42464909e-02   5.82019000e-01
   5.19381781e-02   5.81896000e-01
   1.78769799e-02   5.81411000e-01
   5.46003293e-02   5.81211000e-01
   1.35028537e-02   5.81941000e-01
   1.60051661e-02   5.81370000e-01
   5.44950856e-02   5.82868000e-01
   5.83040673e-02   5.82654000e-01
   1.48977114e-02   5.81082000e-01
   1.82417855e-02   5.81511000e-01
   7.91882749e-02   5.83661000e-01
   1.16214726e-02   5.81488000e-01
   6.99774017e-02   5.82454000e-01
   5.10629922e-02   5.80940000e-01
   5.52825274e-02   5.81287000e-01
   2.31648898e-02   5.81532000e-01
   7.05412771e-02   5.82143000e-01
   3.14432594e-02   5.81093000e-01
   1.64477318e-02   5.81518000e-01
   6.05482846e-02   5.83022000e-01
   5.54051729e-02   5.81622000e-01
   6.54174963e-02   5.81685000e-01
   7.29182830e-03   5.81395000e-01
   2.17499741e-02   5.81839000e-01
   3.41845180e-02   5.80237000e-01
   5.85995328e-02   5.82701000e-01
   2.40832159e-02   5.81017000e-01
   1.41492544e-02   5.80797000e-01
   1.56085777e-02   5.79829000e-01
   4.07777915e-02   5.81934000e-01
   6.90371465e-02   5.83416000e-01
   6.77637951e-02   5.80629000e-01
   1.62167907e-02   5.80196000e-01
   2.70475352e-02   5.80378000e-01
   5.97302794e-02   5.81947000e-01
   1.51949153e-02   5.80778000e-01
   6.64511666e-02   5.81786000e-01
   4.28357053e-02   5.80339000e-01
   1.52704618e-02   5.81992000e-01
   4.85850030e-02   5.80890000e-01
   1.21959413e-02   5.81538000e-01
   5.89528866e-02   5.81473000e-01
   6.81578117e-02   5.81508000e-01
   7.34637220e-02   5.82537000e-01
   3.75931147e-02   5.79980000e-01
   5.30882004e-02   5.82795000e-01
   7.22388332e-02   5.81569000e-01
   5.28604965e-02   5.80864000e-01
   7.43759900e-02   5.82910000e-01
   7.32594830e-02   5.82010000e-01
   6.57980637e-02   5.82831000e-01
   1.58116471e-02   5.80714000e-01
   4.23908307e-02   5.82654000e-01
   4.29216990e-02   5.80258000e-01
   6.36056582e-02   5.81645000e-01
   7.05245991e-02   5.82640000e-01
   5.35764866e-02   5.81927000e-01
   5.98099293e-02   5.81850000e-01
   1.49414708e-02   5.82520000e-01
   5.01234675e-02   5.81158000e-01
   5.89513465e-02   5.81251000e-01
   5.47496720e-02   5.81807000e-01
   5.46027269e-02   5.81315000e-01
   5.15185136e-02   5.82663000e-01
   5.38803832e-02   5.81628000e-01
   6.76988714e-02   5.82545000e-01
   2.45069145e-02   5.81716000e-01
   3.67508381e-02   5.81698000e-01
   4.57114794e-02   5.81547000e-01
   6.26910485e-02   5.80954000e-01
   5.91871636e-02   5.80635000e-01
   4.87685854e-02   5.82427000e-01
   6.05527879e-02   5.81846000e-01
   6.22643043e-02   5.82368000e-01
   4.80154303e-02   5.80807000e-01
   5.16695174e-02   5.81489000e-01
   4.86958108e-02   5.81620000e-01
   1.82640820e-02   5.81379000e-01
   5.52335186e-02   5.80773000e-01
   5.47102288e-02   5.81704000e-01
   4.68371456e-02   5.81411000e-01
   4.73030105e-02   5.80426000e-01
   1.71578430e-02   5.79917000e-01
   6.02264173e-02   5.80655000e-01
   5.10333731e-02   5.83284000e-01
   4.13043309e-02   5.82316000e-01
   4.65655217e-02   5.81511000e-01
   9.43949146e-03   5.80482000e-01
   2.82447363e-02   5.82762000e-01
   5.25038393e-02   5.81037000e-01
   5.09788780e-02   5.81780000e-01
   6.89768920e-02   5.82330000e-01
   4.92001470e-02   5.81625000e-01
   5.90363789e-02   5.81132000e-01
   7.87776810e-02   5.80675000e-01
   6.40539691e-02   5.82711000e-01
   2.06641351e-02   5.80980000e-01
   4.02939007e-02   5.80610000e-01
   1.78530542e-02   5.82608000e-01
   6.57596489e-02   5.81995000e-01
   8.13387562e-02   5.81992000e-01
   3.27181945e-02   5.81593000e-01
   6.10866033e-02   5.81167000e-01
   3.71446352e-02   5.80731000e-01
   2.05303878e-02   5.80979000e-01
   7.37359077e-02   5.80985000e-01
   6.64142593e-02   5.83009000e-01
   6.07630317e-02   5.81236000e-01
   3.86069164e-02   5.79917000e-01
   4.96324269e-02   5.82828000e-01
   2.28700920e-02   5.80920000e-01
   4.75709916e-02   5.81858000e-01
   6.20118337e-02   5.82803000e-01
   5.17420692e-02   5.81092000e-01
   5.22468994e-02   5.81337000e-01
   5.34121249e-02   5.79549000e-01
   3.00587629e-02   5.81814000e-01
   3.02507801e-02   5.81537000e-01
   7.77796045e-02   5.82322000e-01
   5.37200715e-02   5.80388000e-01
   3.31548533e-02   5.80872000e-01
   1.17759915e-02   5.81726000e-01
   1.39297440e-02   5.82204000e-01
   5.80804175e-02   5.82864000e-01
   3.46190860e-02   5.80631000e-01
   5.28096687e-02   5.83070000e-01
   7.29633330e-02   5.82848000e-01
   4.80910404e-02   5.82556000e-01
   1.86973785e-02   5.80545000e-01
   3.21644970e-02   5.80241000e-01
   3.07134004e-02   5.81219000e-01
   2.27886585e-02   5.80660000e-01
   1.57013779e-02   5.81010000e-01
   1.78253605e-02   5.81822000e-01
   2.82484749e-02   5.82867000e-01
   7.54716052e-02   5.81849000e-01
   4.22414742e-02   5.81289000e-01
   5.60514453e-02   5.81766000e-01
   6.58137374e-02   5.82572000e-01
   4.77635678e-02   5.82134000e-01
   7.11410655e-02   5.81900000e-01
   6.45137849e-02   5.79557000e-01
   5.10807020e-02   5.82015000e-01
   4.27850804e-02   5.80877000e-01
   3.50759354e-02   5.82508000e-01
   2.30241086e-02   5.80966000e-01
   3.00034769e-02   5.81512000e-01
   6.03732669e-02   5.80680000e-01
   5.69069418e-02   5.80942000e-01
   1.86108304e-02   5.82295000e-01
   5.51073351e-02   5.81345000e-01
   3.87172376e-02   5.80181000e-01
   5.57280718e-02   5.82335000e-01
   4.33793347e-02   5.81413000e-01
   5.58514243e-02   5.81807000e-01
   2.38067445e-02   5.81815000e-01
   6.01662289e-02   5.81973000e-01
   5.80374699e-02   5.81007000e-01
   2.67493424e-02   5.80647000e-01
   4.26139868e-02   5.81641000e-01
   2.77492614e-02   5.79353000e-01
   1.92237881e-02   5.81072000e-01
   6.48483104e-02   5.82466000e-01
   6.93276908e-02   5.81475000e-01
   7.34340908e-02   5.81774000e-01
   9.72100143e-03   5.81688000e-01
   6.64707933e-02   5.82296000e-01
   2.79760337e-02   5.81926000e-01
   5.65293778e-02   5.82167000e-01
   1.64775898e-02   5.80507000e-01
   3.15453981e-02   5.81216000e-01
   8.51122048e-02   5.81692000e-01
   4.27828511e-02   5.81391000e-01
   6.85435561e-02   5.81507000e-01
   6.47040893e-03   5.81930000e-01
   6.00808405e-02   5.81108000e-01
   7.04681229e-02   5.82186000e-01
   1.31441200e-02   5.81633000e-01
   5.43094457e-02   5.79870000e-01
   3.42081391e-02   5.80886000e-01
   5.78925293e-02   5.81425000e-01
   6.63427543e-02   5.80421000e-01
   4.07641164e-02   5.79924000e-01
   1.56075490e-02   5.80549000e-01
   5.53617178e-02   5.80706000e-01
   7.89195770e-02   5.81806000e-01
   7.23852138e-02   5.82218000e-01
   5.25252809e-02   5.82211000e-01
   2.22501323e-02   5.82281000e-01
   3.05060175e-02   5.81910000e-01
   2.02539256e-02   5.81529000e-01
   2.90254083e-02   5.82953000e-01
   1.13105011e-02   5.80444000e-01
   5.84896083e-02   5.82195000e-01
   4.88173584e-02   5.81084000e-01
   4.73379742e-02   5.80927000e-01
   1.09884147e-02   5.80695000e-01
   6.42612467e-02   5.81316000e-01
   6.81526741e-02   5.83226000e-01
   3.26924547e-02   5.80811000e-01
   4.45075733e-02   5.81574000e-01
   4.91370603e-02   5.81084000e-01
   1.54011406e-02   5.82430000e-01
   6.22866420e-02   5.81610000e-01
   5.83405360e-02   5.81161000e-01
   1.10271615e-02   5.80356000e-01
   3.69328516e-02   5.81460000e-01
   8.61244856e-04   5.80744000e-01
   1.28819567e-02   5.79923000e-01
   6.27160464e-02   5.81679000e-01
   3.34165143e-02   5.82115000e-01
   6.98133818e-02   5.82191000e-01
   4.30429184e-02   5.82369000e-01
   5.74213626e-02   5.81447000e-01
   7.26444246e-02   5.81600000e-01
   4.96105750e-02   5.82992000e-01
   4.96171091e-02   5.81683000e-01
   1.08115721e-02   5.80444000e-01
   7.24762432e-03   5.81525000e-01
   4.40386984e-02   5.81616000e-01
   5.99486597e-02   5.82420000e-01
   4.97452702e-02   5.81004000e-01
   6.65557962e-02   5.80947000e-01
   5.36987338e-02   5.81516000e-01
   5.82614936e-02   5.82436000e-01
   5.59041803e-02   5.81922000e-01
   3.18930422e-02   5.81725000e-01
   7.10947867e-02   5.81012000e-01
   6.80645463e-02   5.82957000e-01
   6.30789891e-02   5.82097000e-01
   6.42883932e-02   5.82132000e-01
   5.50865289e-02   5.82184000e-01
   4.56881098e-02   5.81314000e-01
   4.40643073e-02   5.82782000e-01
   7.08988122e-02   5.81646000e-01
   7.63139130e-02   5.83386000e-01
   1.78757447e-02   5.81545000e-01
   6.26892933e-02   5.81517000e-01
   4.44879755e-02   5.80613000e-01
   6.71671305e-02   5.81433000e-01
   3.60998960e-02   5.80475000e-01
   2.73905967e-02   5.81514000e-01
   6.89793340e-02   5.80884000e-01
   7.23166882e-02   5.83506000e-01
   6.60489261e-02   5.82703000e-01
   8.28346133e-02   5.81572000e-01
   6.38064710e-02   5.80937000e-01
   3.23262862e-02   5.82206000e-01
   6.82486440e-02   5.81726000e-01
   7.89953930e-03   5.81730000e-01
   4.79002965e-02   5.81585000e-01
   4.33839555e-02   5.79368000e-01
   6.46019614e-02   5.82353000e-01
   3.44890681e-02   5.81021000e-01
   6.72469041e-02   5.81498000e-01
   6.21423892e-02   5.82950000e-01
   2.87383997e-02   5.79762000e-01
   4.06867814e-02   5.80491000e-01
   2.19214692e-02   5.80671000e-01
   4.20639579e-03   5.81062000e-01
   4.33668775e-02   5.80604000e-01
   5.65491416e-02   5.81916000e-01
   4.57191929e-02   5.82056000e-01
   5.51214836e-02   5.82340000e-01
   5.55074112e-02   5.81425000e-01
   6.04082637e-02   5.81780000e-01
   3.71682157e-02   5.82048000e-01
   5.25105611e-02   5.81724000e-01
   4.98967123e-02   5.81932000e-01
   7.04056212e-02   5.81795000e-01
   4.93876990e-02   5.81331000e-01
   6.26819796e-02   5.82631000e-01
   3.26693059e-02   5.81860000e-01
   1.56794853e-02   5.81805000e-01
   6.90468565e-02   5.82181000e-01
   3.59250650e-02   5.80821000e-01
   3.32499531e-02   5.81158000e-01
   4.16485285e-02   5.81554000e-01
   1.36229518e-02   5.80383000e-01
   1.94969984e-02   5.80369000e-01
   4.45587158e-02   5.81160000e-01
   7.61448231e-02   5.81628000e-01
   7.82592476e-02   5.81560000e-01
   4.28182974e-02   5.81815000e-01
   5.58034426e-02   5.79681000e-01
   5.69641951e-02   5.82347000e-01
   3.73255003e-02   5.81908000e-01
   4.05403991e-02   5.81591000e-01
   6.24947881e-02   5.82093000e-01
   3.15056881e-02   5.82482000e-01
   3.84993363e-02   5.80909000e-01
   4.53389772e-02   5.82081000e-01
   1.24990751e-02   5.81103000e-01
   7.19428490e-02   5.82845000e-01
   6.19291909e-02   5.81178000e-01
   1.79645011e-02   5.80221000e-01
   6.29149552e-02   5.83012000e-01
   4.01311866e-02   5.80656000e-01
   6.49559030e-02   5.82119000e-01
   2.55629319e-02   5.81321000e-01
   4.22115990e-02   5.81067000e-01
   6.51481815e-02   5.80928000e-01
   3.00103624e-03   5.81089000e-01
   5.84813592e-02   5.82678000e-01
   7.88207214e-02   5.82699000e-01
   4.99492621e-02   5.81738000e-01
   6.78175038e-02   5.82804000e-01
   5.54002450e-02   5.81680000e-01
   4.00583569e-02   5.80517000e-01
   4.60669309e-02   5.81641000e-01
   6.62216184e-02   5.80919000e-01
   5.19024072e-02   5.81204000e-01
   1.95030015e-02   5.81578000e-01
   6.26477523e-02   5.81832000e-01
   5.65897079e-02   5.82384000e-01
   5.47964999e-02   5.81066000e-01
   6.71495408e-02   5.82008000e-01
   6.43071430e-02   5.81005000e-01
   1.29704182e-02   5.82241000e-01
   2.09727988e-02   5.81631000e-01
   1.77269607e-02   5.81116000e-01
   5.16774677e-02   5.82521000e-01
   4.93621330e-02   5.81142000e-01
   1.99086205e-02   5.81555000e-01
   4.86839480e-02   5.82839000e-01
   7.63269388e-02   5.82056000e-01
   6.54978287e-02   5.82163000e-01
   2.01858124e-02   5.79924000e-01
   4.22874696e-02   5.81986000e-01
   9.47191357e-03   5.81356000e-01
   6.76116280e-02   5.80857000e-01
   6.96546741e-02   5.81858000e-01
   2.04542487e-02   5.80575000e-01
   6.42790795e-02   5.81739000e-01
   4.47186148e-02   5.80549000e-01
   5.50613453e-02   5.81777000e-01
   5.40994206e-02   5.81143000e-01
   6.50118250e-02   5.81988000e-01
   6.44791691e-02   5.82237000e-01
   6.77510266e-02   5.82931000e-01
   1.17166414e-02   5.80446000e-01
   1.08866428e-02   5.80506000e-01
   2.75671593e-02   5.81548000e-01
   4.75887451e-02   5.81182000e-01
   2.36473450e-02   5.81891000e-01
   3.21119924e-02   5.80763000e-01
   2.38627075e-02   5.82007000e-01
   4.41516076e-02   5.81303000e-01
   6.81611962e-02   5.81634000e-01
   5.03565431e-02   5.82108000e-01
   6.02995246e-02   5.81486000e-01
   5.15518112e-02   5.81311000e-01
   4.37198623e-02   5.81392000e-01
   1.17861396e-02   5.82794000e-01
   6.19407038e-02   5.81240000e-01
   3.13988732e-02   5.79400000e-01
   5.11625076e-02   5.82587000e-01
   5.69538032e-02   5.82572000e-01
   2.05873433e-02   5.80781000e-01
   6.85992738e-02   5.82150000e-01
   4.18455731e-02   5.81787000e-01
   1.47881717e-02   5.81415000e-01
   9.73910408e-03   5.80414000e-01
   1.76680593e-02   5.80688000e-01
   4.34602815e-03   5.82039000e-01
   5.33604910e-03   5.81206000e-01
   6.35220184e-02   5.81101000e-01
   7.17157698e-02   5.83153000e-01
   4.94785572e-02   5.81342000e-01
   5.54169879e-02   5.82432000e-01
   6.59908155e-02   5.83227000e-01
   2.17767016e-02   5.81703000e-01
   5.32501100e-02   5.82738000e-01
   4.80191938e-02   5.82038000e-01
   5.07187134e-02   5.82284000e-01
   6.27334307e-02   5.84446000e-01
   5.64744880e-02   5.80745000e-01
   1.04996426e-02   5.81383000e-01
   5.49513841e-02   5.81500000e-01
   5.95781236e-02   5.80855000e-01
   5.77874283e-02   5.82047000e-01
   4.14966836e-02   5.80903000e-01
   3.26616234e-02   5.80162000e-01
   3.81943900e-02   5.82714000e-01
   2.51747666e-02   5.80903000e-01
   5.78753285e-02   5.81272000e-01
   8.35264676e-03   5.81585000e-01
   5.92416787e-02   5.81856000e-01
   2.27195950e-02   5.81216000e-01
   3.10922961e-02   5.81248000e-01
   7.19608946e-02   5.80810000e-01
   1.10082336e-02   5.80957000e-01
   4.69019288e-02   5.80387000e-01
   5.01357859e-02   5.81816000e-01
   4.08406927e-02   5.81003000e-01
   6.49443075e-03   5.80355000e-01
   6.15747012e-02   5.80930000e-01
   5.42043353e-02   5.80844000e-01
   5.55993880e-02   5.82394000e-01
   2.84128009e-02   5.80589000e-01
   6.59465849e-02   5.80753000e-01
   3.18007497e-02   5.80213000e-01
   6.04008400e-02   5.80557000e-01
   5.69079529e-02   5.80996000e-01
   4.58692795e-02   5.81632000e-01
   2.25395229e-02   5.82251000e-01
   5.13449616e-02   5.82442000e-01
   3.78348099e-02   5.81548000e-01
   6.59967839e-02   5.82777000e-01
   3.35570733e-02   5.82486000e-01
   5.82374706e-02   5.81455000e-01
   1.35674804e-02   5.81290000e-01
   1.56370409e-02   5.81039000e-01
   7.84592713e-03   5.80695000e-01
   5.87399885e-02   5.81303000e-01
   7.32832226e-02   5.81415000e-01
   4.30825600e-02   5.81530000e-01
   2.91109590e-02   5.81013000e-01
   5.91899519e-02   5.81149000e-01
   5.66691396e-02   5.81114000e-01
   1.50437232e-02   5.82629000e-01
   4.66828670e-02   5.81650000e-01
   4.35836064e-02   5.81058000e-01
   1.68794340e-02   5.81768000e-01
   1.35574091e-02   5.79872000e-01
   4.60337097e-02   5.81889000e-01
   5.53968159e-02   5.82269000e-01
   5.96573267e-02   5.81418000e-01
   6.44501076e-02   5.81349000e-01
   1.49587265e-02   5.81960000e-01
   2.11342711e-02   5.80356000e-01
   8.97063709e-03   5.80109000e-01
   2.29739592e-02   5.80931000e-01
   7.76209981e-03   5.82165000e-01
   4.51299010e-02   5.82901000e-01
   5.09932945e-02   5.81959000e-01
   6.88770762e-02   5.81155000e-01
   7.28761466e-02   5.81602000e-01
   6.19119184e-02   5.82475000e-01
   7.20200599e-02   5.82432000e-01
   2.64701363e-02   5.81433000e-01
   6.26806651e-02   5.82220000e-01
   2.94169658e-02   5.80366000e-01
   2.79305284e-02   5.80111000e-01
   6.41406212e-02   5.82960000e-01
   7.38135041e-02   5.82522000e-01
   4.67440105e-02   5.81420000e-01
   5.44154097e-02   5.81401000e-01
   4.76024364e-02   5.80671000e-01
   1.94395897e-02   5.80611000e-01
   6.46551926e-02   5.80700000e-01
   4.19353775e-02   5.81336000e-01
   7.00346927e-02   5.81438000e-01
   3.08598660e-02   5.81077000e-01
   7.26155440e-02   5.83061000e-01
   1.52874270e-02   5.82181000e-01
   5.33883895e-02   5.80810000e-01
   7.87268183e-02   5.81977000e-01
   6.15618848e-02   5.80787000e-01
   3.87924618e-02   5.80559000e-01
   6.78788299e-02   5.81476000e-01
   6.73027037e-02   5.82380000e-01
   5.73605021e-02   5.80943000e-01
   6.62559235e-02   5.81511000e-01
   1.28320960e-02   5.82598000e-01
   5.93906956e-02   5.81328000e-01
   4.82079391e-02   5.80976000e-01
   1.86733964e-02   5.81823000e-01
   6.24968552e-02   5.82841000e-01
   4.81034884e-02   5.82839000e-01
   4.01482257e-03   5.80249000e-01
   3.16186032e-02   5.81692000e-01
   6.45103207e-02   5.81589000e-01
   5.40412294e-02   5.81491000e-01
   1.46745428e-02   5.81538000e-01
   3.19727056e-02   5.80506000e-01
   8.42829265e-03   5.81583000e-01
   1.85326414e-02   5.80303000e-01
   4.34866871e-02   5.80866000e-01
   2.65570831e-02   5.80515000e-01
   5.19943718e-02   5.80358000e-01
   6.09300001e-02   5.81884000e-01
   5.59300580e-02   5.80524000e-01
   4.82581706e-02   5.81481000e-01
   1.74992804e-02   5.80344000e-01
   1.87130407e-02   5.80479000e-01
   1.45220274e-02   5.80988000e-01
   5.90748902e-02   5.81440000e-01
   5.60490064e-02   5.81782000e-01
   4.89310636e-02   5.81337000e-01
   1.31961392e-02   5.79969000e-01
   2.62134534e-02   5.80811000e-01
   4.33704445e-02   5.81292000e-01
   3.82748555e-02   5.80390000e-01
   6.99367865e-02   5.82633000e-01
   4.55253790e-02   5.79424000e-01
   6.14797854e-02   5.81869000e-01
   6.55764143e-02   5.81223000e-01
   1.45341044e-02   5.81745000e-01
   3.45049299e-02   5.81092000e-01
   6.13179702e-02   5.82272000e-01
   6.21142615e-02   5.81513000e-01
   1.75274617e-02   5.79034000e-01
   1.33801507e-02   5.82452000e-01
   1.03039209e-02   5.80052000e-01
   5.75716955e-02   5.81158000e-01
   6.56369167e-02   5.82051000e-01
   3.44266453e-02   5.80301000e-01
   1.65065866e-02   5.80606000e-01
   6.40097720e-02   5.82933000e-01
   6.36449162e-02   5.81540000e-01
   7.32368124e-02   5.80920000e-01
   7.30666454e-02   5.81609000e-01
   3.26092596e-02   5.81711000e-01
   4.59229467e-02   5.81878000e-01
   3.58115804e-02   5.81354000e-01
   1.60031566e-02   5.80209000e-01
   1.93859129e-02   5.81597000e-01
   5.01559535e-02   5.80875000e-01
   5.60349816e-02   5.81782000e-01
   2.37947266e-02   5.81109000e-01
   1.61040911e-02   5.81525000e-01
   2.54099060e-02   5.80867000e-01
   3.02377728e-02   5.81525000e-01
   5.95430404e-02   5.82320000e-01
   7.56265103e-03   5.81358000e-01
   3.05583803e-02   5.80618000e-01
   2.06098067e-02   5.81512000e-01
   2.58994034e-02   5.81552000e-01
   5.08511889e-02   5.81376000e-01
   1.67106404e-02   5.80810000e-01
   5.74413779e-02   5.81171000e-01
   4.87019572e-02   5.81562000e-01
   8.04117118e-03   5.82294000e-01
   2.15849980e-02   5.80982000e-01
   1.89425986e-02   5.80105000e-01
   5.62627295e-02   5.81828000e-01
   8.51579426e-03   5.81094000e-01
   6.54988941e-02   5.81080000e-01
   5.03242295e-02   5.82958000e-01
   4.12875969e-02   5.82233000e-01
   2.47924406e-02   5.81455000e-01
   4.76558007e-02   5.80610000e-01
   7.69611406e-02   5.81862000e-01
   1.32125769e-02   5.79437000e-01
   5.99835136e-02   5.82543000e-01
   6.10581339e-02   5.81869000e-01
   6.47801818e-02   5.81033000e-01
   4.84959386e-02   5.81211000e-01
   3.96529836e-02   5.81720000e-01
   2.01985233e-02   5.81085000e-01
   7.00489796e-02   5.82541000e-01
   3.03380778e-02   5.80371000e-01
   3.30650455e-02   5.80764000e-01
   6.35469854e-02   5.81154000e-01
   2.58235148e-02   5.82606000e-01
   5.04428100e-02   5.80525000e-01
   9.98391720e-03   5.82338000e-01
   1.94111996e-02   5.81029000e-01
   4.62199798e-02   5.82665000e-01
   8.20252891e-02   5.81773000e-01
   1.78707258e-02   5.82033000e-01
   2.46891287e-02   5.81338000e-01
   1.73056935e-02   5.79872000e-01
   8.11768778e-02   5.82807000e-01
   6.32063273e-02   5.81395000e-01
   4.21743073e-02   5.82820000e-01
   3.62736446e-02   5.79876000e-01
   3.97664055e-02   5.81029000e-01
   1.33396465e-02   5.81261000e-01
   1.92760276e-02   5.81644000e-01
   4.24456237e-02   5.80588000e-01
   3.63407739e-02   5.80587000e-01
   3.16924606e-02   5.82040000e-01
   5.64063955e-02   5.81246000e-01
   6.60034612e-02   5.82578000e-01
   2.43417853e-02   5.81892000e-01
   4.74589549e-02   5.82230000e-01
   1.93730568e-02   5.81730000e-01
   4.88608586e-02   5.80917000e-01
   1.28247269e-02   5.80237000e-01
   7.33876349e-02   5.81912000e-01
   3.96911074e-02   5.81597000e-01
   6.80290619e-02   5.81176000e-01
   5.49564473e-02   5.80643000e-01
   6.50215218e-02   5.81281000e-01
   6.66972976e-02   5.82560000e-01
   2.66523695e-02   5.81047000e-01
   5.16535289e-02   5.81972000e-01
   2.64253804e-02   5.80470000e-01
   3.87343393e-02   5.82286000e-01
   5.45218054e-02   5.81179000e-01
   5.12527556e-02   5.81697000e-01
   4.52593709e-02   5.80653000e-01
   3.71490156e-02   5.81436000e-01
   5.72885237e-02   5.80798000e-01
   4.77800264e-02   5.81370000e-01
   1.89067643e-02   5.80799000e-01
   3.89680061e-02   5.82417000e-01
   2.24792142e-02   5.80072000e-01
   6.81448515e-02   5.82413000e-01
   2.66523636e-02   5.81069000e-01
   4.79495213e-02   5.80147000e-01
   1.04988987e-02   5.80616000e-01
   6.38356342e-02   5.81683000e-01
   7.00858722e-02   5.83347000e-01
   6.23516486e-02   5.82861000e-01
   2.92354475e-02   5.81599000e-01
   2.91500380e-02   5.81941000e-01
   6.04303133e-02   5.82826000e-01
   2.15305691e-02   5.80689000e-01
   5.88047561e-02   5.81908000e-01
   7.19613467e-02   5.81510000e-01
   5.96130781e-02   5.81282000e-01
   6.82093491e-02   5.80556000e-01
   7.38581222e-02   5.82074000e-01
   2.16808801e-02   5.81082000e-01
   5.24540230e-02   5.82106000e-01
   2.87325210e-02   5.80457000e-01
   7.03233477e-02   5.81115000e-01
   6.40689619e-02   5.81942000e-01
   1.13451582e-02   5.81034000e-01
   5.97864457e-02   5.82393000e-01
   1.28605003e-02   5.80590000e-01
   3.68602419e-03   5.81397000e-01
   2.87405588e-02   5.80543000e-01
   4.28892793e-02   5.82190000e-01
   5.77771921e-02   5.81817000e-01
   4.23338757e-02   5.81118000e-01
   7.66718686e-02   5.82438000e-01
   3.71372888e-02   5.82551000e-01
   4.29309191e-02   5.82179000e-01
   1.27081564e-02   5.79816000e-01
   1.53125873e-02   5.80845000e-01
   7.29704309e-02   5.82120000e-01
   4.08295377e-02   5.80999000e-01
   4.68882198e-02   5.80846000e-01
   4.61549965e-02   5.80649000e-01
   4.68421159e-02   5.81377000e-01
   3.50531235e-02   5.81952000e-01
   5.98012975e-02   5.81866000e-01
   7.01696421e-02   5.81910000e-01
   7.59075641e-02   5.82983000e-01
   6.41911391e-02   5.82758000e-01
   4.92873747e-02   5.80475000e-01
   5.41605101e-02   5.80557000e-01
   6.68586680e-02   5.82021000e-01
   1.00252675e-02   5.81456000e-01
   2.27273256e-02   5.80770000e-01
   1.98822088e-02   5.82268000e-01
   6.47385512e-03   5.81893000e-01
   1.54853995e-02   5.81264000e-01
   6.14664037e-02   5.82737000e-01
   7.22036702e-02   5.81988000e-01
   3.38903509e-02   5.81102000e-01
   5.84607938e-02   5.82588000e-01
   4.55643515e-02   5.81588000e-01
   5.91197714e-02   5.81127000e-01
   5.75934615e-02   5.82845000e-01
   3.52992837e-02   5.81473000e-01
   1.49856714e-02   5.80517000e-01
   2.69480721e-02   5.81856000e-01
   5.16960284e-02   5.80492000e-01
   7.35664474e-02   5.80846000e-01
   1.57408045e-02   5.80742000e-01
   2.26112042e-02   5.80630000e-01
   5.14037455e-02   5.80175000e-01
   6.69504085e-02   5.80598000e-01
   4.88263110e-02   5.81936000e-01
   5.42233980e-02   5.80959000e-01
   4.33402069e-02   5.81344000e-01
   2.60580082e-02   5.80644000e-01
   8.39190228e-02   5.83189000e-01
   7.04995074e-02   5.83182000e-01
   6.31125575e-02   5.80914000e-01
   4.60777018e-02   5.81245000e-01
   5.96600194e-02   5.82680000e-01
   5.45962782e-02   5.81635000e-01
   7.23698060e-02   5.81765000e-01
   7.05270939e-02   5.82568000e-01
   7.03689092e-02   5.81974000e-01
   1.17674451e-02   5.81413000e-01
   3.03703422e-02   5.82990000e-01
   3.57823088e-02   5.80649000e-01
   5.61972649e-02   5.82208000e-01
   6.87157686e-02   5.82489000e-01
   4.06034314e-02   5.81603000e-01
   4.06836097e-02   5.81224000e-01
   6.13397364e-02   5.81030000e-01
   3.63736194e-02   5.81281000e-01
   4.84965740e-02   5.81394000e-01
   7.25749673e-02   5.83077000e-01
   3.05514063e-02   5.81037000e-01
   2.54569823e-02   5.80963000e-01
   5.30280902e-02   5.82054000e-01
   6.45940213e-02   5.81760000e-01
   3.23366993e-02   5.81373000e-01
   6.36878624e-02   5.81715000e-01
   3.00929499e-02   5.80891000e-01
   3.12912700e-02   5.81096000e-01
   4.71898164e-02   5.80070000e-01
   1.09054993e-02   5.81818000e-01
   6.20424897e-02   5.81796000e-01
   5.67065906e-02   5.82005000e-01
   6.34019365e-02   5.82281000e-01
   7.89571010e-03   5.81828000e-01
   3.81930656e-02   5.81396000e-01
   6.88511028e-02   5.82395000e-01
   5.73516471e-02   5.82840000e-01
   1.39305416e-02   5.79930000e-01
   3.17885467e-02   5.82760000e-01
   3.28056795e-02   5.81804000e-01
   6.33212411e-02   5.82540000e-01
   4.66161033e-02   5.81904000e-01
   4.74366514e-02   5.80197000e-01
   3.07727532e-02   5.81449000e-01
   3.38808115e-02   5.80181000e-01
   4.42442845e-02   5.78766000e-01
   3.36954021e-02   5.82131000e-01
   2.41785452e-02   5.81659000e-01
   2.69209492e-02   5.78695000e-01
   4.56771425e-02   5.82357000e-01
   3.57719829e-02   5.80996000e-01
   2.61153691e-02   5.80635000e-01
   7.67143342e-02   5.82288000e-01
   3.07545146e-02   5.81945000e-01
   6.15617949e-02   5.82347000e-01
   1.86426830e-02   5.81935000e-01
   3.67728627e-02   5.81353000e-01
   1.00924586e-02   5.80995000e-01
   7.70974548e-02   5.82531000e-01
   8.83429816e-03   5.79897000e-01
   4.57730564e-02   5.81783000e-01
   1.08319811e-02   5.80282000e-01
   2.52214900e-02   5.82056000e-01
   4.68222824e-02   5.81937000e-01
   6.43945032e-02   5.81351000e-01
   2.28761900e-02   5.82106000e-01
   3.16963368e-02   5.82089000e-01
   2.82497058e-02   5.80650000e-01
   6.89578090e-02   5.81362000e-01
   4.57349487e-02   5.80563000e-01
   5.57092422e-02   5.82061000e-01
   6.27235620e-02   5.81782000e-01
   5.52647462e-02   5.81575000e-01
   6.53223839e-02   5.82088000e-01
   5.82516834e-02   5.81526000e-01
   2.97674309e-02   5.82694000e-01
   6.73465212e-02   5.81068000e-01
   5.29761307e-02   5.81060000e-01
   7.08314302e-02   5.82834000e-01
   8.06207847e-03   5.80228000e-01
   4.64850878e-02   5.80230000e-01
   6.79150952e-02   5.81983000e-01
   6.06132888e-02   5.82279000e-01
   6.39437346e-02   5.80518000e-01
   1.14311815e-02   5.81379000e-01
   3.33369845e-02   5.80550000e-01
   4.92168960e-02   5.82897000e-01
   7.78979774e-02   5.80672000e-01
   5.36530689e-02   5.82276000e-01
   5.82129896e-02   5.82536000e-01
   2.79296022e-02   5.82012000e-01
   6.18946459e-02   5.81811000e-01
   5.35542273e-02   5.82613000e-01
   7.75223793e-02   5.81035000e-01
   6.46151056e-02   5.82604000e-01
   6.85682076e-02   5.81331000e-01
   4.55330794e-02   5.82293000e-01
   5.11375003e-02   5.80538000e-01
   3.26126892e-02   5.81184000e-01
   6.82334913e-02   5.82209000e-01
   5.78196799e-02   5.81435000e-01
   3.50736480e-02   5.80800000e-01
   4.88778194e-02   5.80651000e-01
   4.27180532e-02   5.80910000e-01
   2.83528707e-03   5.80557000e-01
   2.37861205e-02   5.81379000e-01
   5.92596954e-02   5.82022000e-01
   2.78849186e-02   5.82698000e-01
   6.20695545e-02   5.81850000e-01
   5.31483834e-02   5.81310000e-01
   8.00017000e-03   5.80560000e-01
   7.62318268e-02   5.82250000e-01
   4.85218283e-02   5.80784000e-01
   5.49081713e-02   5.81527000e-01
   5.98446044e-02   5.81244000e-01
   1.96385096e-02   5.81054000e-01
   5.46636034e-02   5.81771000e-01
   5.17925317e-02   5.81416000e-01
   7.29321494e-02   5.81361000e-01
   2.54557717e-02   5.81131000e-01
   1.41755183e-02   5.82221000e-01
   1.96290563e-02   5.81162000e-01
   3.31166553e-02   5.79226000e-01
   3.64255140e-02   5.81832000e-01
   8.91317417e-02   5.81921000e-01
   5.68968791e-02   5.82065000e-01
   5.86242581e-02   5.81714000e-01
   6.29040096e-02   5.82325000e-01
   1.80506410e-02   5.80560000e-01
   3.91734300e-02   5.81596000e-01
   7.04673434e-02   5.82243000e-01
   4.47188178e-02   5.81599000e-01
   2.62161464e-02   5.82459000e-01
   6.30833998e-02   5.82002000e-01
   6.22192289e-02   5.81870000e-01
   3.09126459e-02   5.81699000e-01
   4.23434630e-02   5.81380000e-01
   7.68901193e-02   5.82191000e-01
   2.94684389e-02   5.81859000e-01
   6.04535023e-02   5.82155000e-01
   5.52030678e-02   5.81053000e-01
   5.90618051e-02   5.81706000e-01
   3.31358437e-03   5.80046000e-01
   9.48874999e-03   5.80696000e-01
   8.77601617e-02   5.83050000e-01
   4.17132280e-02   5.82601000e-01
   4.46891435e-02   5.81522000e-01
   1.31178135e-02   5.82051000e-01
   7.01436203e-02   5.81372000e-01
   5.80480724e-02   5.80241000e-01
   6.28897541e-02   5.82335000e-01
   4.39293364e-02   5.81599000e-01
   6.39698606e-02   5.82030000e-01
   1.28849114e-02   5.81337000e-01
   6.62216076e-02   5.81463000e-01
   5.93968450e-02   5.83145000e-01
   1.93940270e-02   5.81115000e-01
   4.80596512e-02   5.82344000e-01
   3.25062367e-02   5.81766000e-01
   7.27257013e-02   5.80965000e-01
   5.35141618e-02   5.81718000e-01
   4.82562861e-02   5.80251000e-01
   5.21667094e-02   5.81295000e-01
   2.15898002e-02   5.80285000e-01
   4.83217829e-02   5.81841000e-01
   6.78544266e-02   5.81550000e-01
   6.69582395e-02   5.82132000e-01
   5.27009010e-02   5.81591000e-01
   7.71511149e-02   5.82234000e-01
   7.43240029e-02   5.82152000e-01
   4.96929997e-02   5.81507000e-01
   4.90652593e-02   5.81404000e-01
   3.79762431e-02   5.82508000e-01
   1.27543632e-02   5.81658000e-01
   3.37614113e-02   5.80852000e-01
   5.62596874e-02   5.81614000e-01
   6.08362866e-02   5.81760000e-01
   2.36843464e-02   5.80937000e-01
   5.43367936e-02   5.80950000e-01
   5.15641387e-02   5.81715000e-01
   7.82984106e-02   5.82086000e-01
   5.53570702e-02   5.81473000e-01
   5.16198939e-02   5.81991000e-01
   4.27016287e-02   5.81482000e-01
   3.31129932e-02   5.81131000e-01
   4.45802687e-02   5.81121000e-01
   6.72487830e-03   5.81539000e-01
   5.64745423e-02   5.82592000e-01
   7.83746012e-02   5.82891000e-01
   5.33048316e-02   5.82014000e-01
   2.82533140e-02   5.82509000e-01
   1.22594446e-02   5.81077000e-01
   4.67934138e-03   5.81414000e-01
   7.58509384e-02   5.81675000e-01
   7.56754931e-02   5.82003000e-01
   6.47763433e-02   5.80800000e-01
   1.51867360e-03   5.81420000e-01
   5.65485988e-02   5.82901000e-01
   7.05296736e-02   5.81199000e-01
