#             |P|               []
   4.37712589e-02   6.00141000e-01
   3.73308303e-02   6.00763000e-01
   1.25927770e-02   6.00318000e-01
   1.24548239e-02   6.00838000e-01
   3.15058098e-02   6.00356000e-01
   2.16700907e-02   6.00129000e-01
   3.89091875e-02   6.00766000e-01
   2.43567270e-02   6.00474000e-01
   3.12518032e-02   6.00067000e-01
   2.48055999e-02   5.99837000e-01
   3.46327772e-02   6.00537000e-01
   1.28943864e-02   6.00169000e-01
   2.13640594e-03   5.99977000e-01
   3.67571598e-02   6.00809000e-01
   1.42746512e-02   6.00660000e-01
   3.75468070e-02   6.00142000e-01
   3.56633978e-02   6.00072000e-01
   3.40646958e-02   6.01621000e-01
   3.20330931e-02   6.00620000e-01
   3.49626347e-03   5.99540000e-01
   1.10990385e-02   6.00118000e-01
   2.75807776e-02   6.00812000e-01
   3.40559062e-02   6.01059000e-01
   7.08733274e-03   5.99931000e-01
   3.94706023e-02   6.00597000e-01
   3.19134489e-02   6.01007000e-01
   2.21808482e-02   6.00117000e-01
   2.61522498e-02   6.00901000e-01
   1.24628503e-02   6.00494000e-01
   1.77757474e-02   6.00181000e-01
   1.27599587e-02   6.00256000e-01
   3.31825764e-02   6.00637000e-01
   1.98078697e-02   6.00111000e-01
   1.03274014e-02   5.99937000e-01
   3.03365439e-02   6.00126000e-01
   7.83955219e-03   6.00035000e-01
   1.63299376e-02   6.00341000e-01
   2.60819418e-02   6.00349000e-01
   1.13047905e-02   6.00135000e-01
   2.56521522e-02   6.00291000e-01
   2.04535348e-02   5.99615000e-01
   2.40365739e-02   6.00297000e-01
   2.68327866e-02   6.01074000e-01
   3.59157900e-02   6.00601000e-01
   5.88084788e-03   6.00727000e-01
   4.53887514e-02   6.00534000e-01
   3.07009464e-03   6.00180000e-01
   8.01105405e-03   6.00583000e-01
   2.08359509e-02   6.00449000e-01
   1.97130595e-02   5.99275000e-01
   3.20068963e-02   6.00781000e-01
   4.42748566e-02   6.00591000e-01
   3.43225666e-02   5.99726000e-01
   6.22074050e-03   5.99785000e-01
   3.66686294e-02   6.00380000e-01
   3.81107915e-02   6.00064000e-01
   1.12029608e-02   6.00245000e-01
   3.32558368e-02   6.00951000e-01
   3.46783315e-02   6.00927000e-01
   1.02069452e-02   6.00581000e-01
   3.71402020e-02   6.00807000e-01
   3.09323974e-02   6.01128000e-01
   2.32060015e-02   6.00493000e-01
   2.92357893e-02   5.99758000e-01
   3.65660829e-02   6.00913000e-01
   2.10526175e-02   6.00200000e-01
   2.51449468e-02   6.00666000e-01
   7.83247504e-03   6.00345000e-01
   3.12962851e-02   6.00507000e-01
   1.84713156e-02   6.00056000e-01
   3.74135096e-02   6.00245000e-01
   3.02347002e-02   6.00912000e-01
   2.28402152e-02   6.00785000e-01
   2.68747906e-02   6.01180000e-01
   1.68150097e-02   6.01122000e-01
   2.31326809e-02   6.01290000e-01
   2.88194331e-02   5.99984000e-01
   1.84578110e-02   6.00113000e-01
   3.77803363e-02   6.00052000e-01
   2.93663662e-02   6.00326000e-01
   2.87332694e-02   6.00342000e-01
   4.14802612e-02   6.00801000e-01
   2.09539646e-02   6.00099000e-01
   4.49651046e-03   5.99977000e-01
   2.35517170e-02   6.00490000e-01
   2.42662653e-02   6.00823000e-01
   3.46452258e-02   6.00170000e-01
   1.11569938e-02   6.00558000e-01
   3.47507805e-02   6.00776000e-01
   2.45785307e-02   6.00331000e-01
   1.00134438e-02   5.99687000e-01
   2.22886197e-02   5.99885000e-01
   2.27205955e-02   5.99244000e-01
   2.44092169e-02   6.00410000e-01
   3.46041012e-02   6.00878000e-01
   3.84284349e-02   6.00284000e-01
   2.46024992e-02   6.00687000e-01
   3.39387288e-02   6.00916000e-01
   2.96824877e-02   6.00273000e-01
   3.38106759e-02   6.00789000e-01
   3.79796227e-02   6.00607000e-01
   2.35566302e-02   6.00824000e-01
   2.15203097e-02   6.00866000e-01
   1.41751321e-02   6.00055000e-01
   3.28740614e-02   6.00559000e-01
   1.81056577e-02   6.00782000e-01
   4.35552828e-02   6.00928000e-01
   3.38737425e-02   6.01414000e-01
   2.51168502e-02   6.01093000e-01
   2.66834863e-02   6.00530000e-01
   4.73136900e-02   6.00120000e-01
   6.66832435e-03   5.99832000e-01
   5.98820271e-03   6.00119000e-01
   1.12508533e-02   6.00882000e-01
   6.10681723e-03   6.00424000e-01
   1.66161715e-02   6.00551000e-01
   4.06909122e-02   6.00200000e-01
   1.55950253e-02   6.00564000e-01
   2.31246908e-02   6.01142000e-01
   3.29331933e-02   6.00260000e-01
   2.51631897e-02   6.00718000e-01
   2.45510078e-02   6.00402000e-01
   3.05134587e-02   6.01031000e-01
   2.18680971e-02   6.00397000e-01
   1.07224337e-02   6.00191000e-01
   4.00989567e-02   6.00911000e-01
   3.27454409e-02   6.00225000e-01
   1.37103118e-02   6.00517000e-01
   3.25344388e-02   6.00827000e-01
   2.14280186e-02   6.00341000e-01
   3.59238807e-02   6.01142000e-01
   1.88079043e-02   6.00327000e-01
   6.99175569e-03   6.00670000e-01
   3.33094811e-02   6.00005000e-01
   2.58476503e-02   6.00796000e-01
   2.99263213e-02   6.00554000e-01
   2.56013119e-02   6.00464000e-01
   3.29789014e-02   6.01448000e-01
   2.72202995e-02   6.00500000e-01
   2.88181005e-02   6.00425000e-01
   1.17254076e-02   6.00838000e-01
   2.07962086e-03   5.99989000e-01
   1.00086833e-02   6.00400000e-01
   3.43475016e-02   6.01160000e-01
   3.62136997e-02   6.00135000e-01
   3.48207999e-02   6.01173000e-01
   2.59871645e-02   6.00475000e-01
   2.53879912e-02   6.00715000e-01
   1.17274509e-02   6.00746000e-01
   2.20056443e-02   6.00517000e-01
   9.83525626e-03   5.99795000e-01
   3.17804569e-02   6.00846000e-01
   2.29551830e-02   6.00515000e-01
   1.65630466e-02   6.00648000e-01
   3.65699039e-02   6.01219000e-01
   3.36825955e-02   5.99935000e-01
   1.14317877e-03   5.99766000e-01
   1.00081716e-02   6.00241000e-01
   2.13394961e-02   6.00743000e-01
   1.83514538e-02   6.00132000e-01
   1.10993632e-02   6.00218000e-01
   6.24855783e-03   6.00215000e-01
   3.10906534e-02   6.00284000e-01
   3.27932079e-02   6.00514000e-01
   3.75754669e-02   6.00215000e-01
   1.36196368e-02   6.00581000e-01
   8.12762047e-03   5.99678000e-01
   8.72933052e-03   6.00404000e-01
   4.13460372e-02   6.00765000e-01
   2.87688327e-02   6.01279000e-01
   1.57858138e-02   6.00277000e-01
   1.76042774e-02   6.00451000e-01
   6.63682257e-03   6.00132000e-01
   2.21981386e-02   6.00797000e-01
   2.64329210e-02   5.99823000e-01
   4.06158302e-02   6.00216000e-01
   2.85617248e-02   6.00536000e-01
   2.07692459e-02   5.99867000e-01
   2.90052113e-02   6.00954000e-01
   2.27932271e-02   6.00818000e-01
   1.66967727e-02   6.00247000e-01
   2.40990408e-02   6.00705000e-01
   3.62807298e-02   6.00510000e-01
   1.88938165e-02   6.00258000e-01
   3.24989550e-02   6.00257000e-01
   2.33698461e-02   6.00410000e-01
   2.80831902e-02   6.00165000e-01
   3.25870060e-02   6.00328000e-01
   2.05974432e-02   6.00931000e-01
   3.72130139e-02   6.00274000e-01
   2.89367409e-02   6.00120000e-01
   2.80413978e-02   6.00629000e-01
   3.25843016e-02   6.00398000e-01
   3.21124221e-02   6.00063000e-01
   3.67514068e-02   6.00376000e-01
   5.65481430e-03   6.00520000e-01
   2.23679755e-02   6.00769000e-01
   5.17194682e-03   6.00472000e-01
   1.66554032e-02   6.00837000e-01
   3.80263926e-02   6.00405000e-01
   2.44160848e-02   6.00321000e-01
   2.89909970e-02   6.00467000e-01
   2.53564598e-02   6.00836000e-01
   1.72528598e-02   6.00288000e-01
   3.07144676e-02   6.00565000e-01
   2.22005651e-02   6.00432000e-01
   2.32887472e-02   6.00269000e-01
   1.40030169e-02   6.00309000e-01
   3.68935313e-02   6.00482000e-01
   3.67424793e-02   6.00489000e-01
   1.29752821e-02   6.01442000e-01
   1.86003806e-02   6.00432000e-01
   3.56554627e-02   6.01063000e-01
   3.24468554e-02   6.00076000e-01
   6.89337643e-03   6.00112000e-01
   6.72091107e-03   6.00404000e-01
   3.90109186e-02   6.00277000e-01
   2.71334425e-02   6.00091000e-01
   1.77355692e-02   6.00600000e-01
   3.04926237e-02   6.00274000e-01
   3.00687199e-02   6.01352000e-01
   2.83612264e-02   5.99813000e-01
   4.05083381e-02   6.00757000e-01
   1.50558221e-02   6.00485000e-01
   1.52185673e-02   6.01107000e-01
   2.12851551e-02   5.99754000e-01
   7.28318223e-03   5.99762000e-01
   2.70867295e-02   6.00720000e-01
   3.96374296e-02   6.00809000e-01
   1.32089490e-02   6.00894000e-01
   3.43394453e-02   6.00007000e-01
   2.94980903e-02   6.00830000e-01
   2.34490650e-02   6.00149000e-01
   2.03642358e-02   6.00106000e-01
   1.58383709e-02   6.00100000e-01
   1.07627100e-02   6.00442000e-01
   7.76031364e-03   5.99630000e-01
   4.19181607e-03   6.00535000e-01
   1.03189036e-02   5.99931000e-01
   3.27981490e-02   6.01158000e-01
   3.35683667e-02   6.00899000e-01
   1.28873409e-02   6.00605000e-01
   3.97785352e-02   6.00653000e-01
   3.52245570e-02   6.00415000e-01
   9.60674076e-03   6.00359000e-01
   2.12043066e-02   5.99476000e-01
   3.96567971e-02   6.00558000e-01
   3.36930647e-02   6.00011000e-01
   1.12908880e-02   6.00435000e-01
   3.15598047e-02   6.00576000e-01
   3.50052077e-02   6.00521000e-01
   3.29622844e-02   6.00098000e-01
   1.98373580e-02   5.99971000e-01
   3.27955377e-02   6.00288000e-01
   3.68806960e-02   6.00398000e-01
   3.27377501e-02   6.00990000e-01
   2.31712379e-02   6.00159000e-01
   9.60397749e-03   6.00197000e-01
   1.22853635e-02   6.00396000e-01
   1.29207476e-02   5.99942000e-01
   1.72993126e-02   6.00229000e-01
   3.83844929e-02   6.00951000e-01
   3.27323362e-02   6.00167000e-01
   8.65781812e-03   6.00447000e-01
   2.21643141e-02   6.00103000e-01
   8.44704449e-03   6.00501000e-01
   2.61313454e-02   6.00861000e-01
   4.93538543e-03   6.00159000e-01
   8.39926974e-03   6.00088000e-01
   4.60850008e-03   5.99656000e-01
   2.12430757e-02   6.00724000e-01
   2.91546916e-02   6.00348000e-01
   3.40351362e-02   5.99823000e-01
   2.60037369e-02   6.00162000e-01
   2.43319953e-02   6.00570000e-01
   2.21421494e-02   6.00937000e-01
   4.76069156e-03   5.99733000e-01
   7.60973357e-03   6.00866000e-01
   2.83666075e-02   6.00437000e-01
   1.96117255e-02   6.00216000e-01
   3.22028678e-02   6.00357000e-01
   2.35102404e-02   5.99724000e-01
   1.97087551e-02   6.00666000e-01
   3.75603448e-02   6.00715000e-01
   3.88438377e-02   6.00248000e-01
   3.55012223e-02   6.00693000e-01
   1.96458214e-02   6.00639000e-01
   1.19852297e-02   6.00059000e-01
   2.54541076e-02   6.00651000e-01
   3.07962611e-02   6.00652000e-01
   9.40413167e-03   6.00068000e-01
   1.63859079e-02   6.00592000e-01
   2.75437632e-02   6.00786000e-01
   1.92925130e-02   5.99851000e-01
   2.37201795e-02   6.00105000e-01
   2.65242635e-02   6.00901000e-01
   4.01443678e-02   5.99829000e-01
   4.03753380e-02   6.01086000e-01
   3.49213946e-02   6.01105000e-01
   3.80750029e-02   6.01032000e-01
   1.96602064e-02   5.99660000e-01
   3.83527301e-02   5.99899000e-01
   2.87275398e-02   6.01006000e-01
   2.21848010e-02   5.99367000e-01
   3.47687223e-02   6.00177000e-01
   2.25610567e-02   6.00110000e-01
   3.32180778e-02   6.00575000e-01
   3.24158594e-02   6.00498000e-01
   2.60531008e-02   6.00915000e-01
   3.19265184e-02   6.00906000e-01
   3.30739942e-02   6.01009000e-01
   2.57046771e-02   6.01182000e-01
   3.54836850e-02   6.00007000e-01
   3.73949710e-02   5.99832000e-01
   2.42184792e-02   6.00773000e-01
   7.52948972e-03   6.00243000e-01
   2.20761344e-02   6.00437000e-01
   6.45679070e-03   6.00381000e-01
   1.95695804e-02   6.00012000e-01
   2.74442698e-02   6.00202000e-01
   1.19349728e-02   6.00169000e-01
   2.42866061e-02   6.00265000e-01
   1.01885631e-02   6.00517000e-01
   5.31069467e-03   6.00230000e-01
   1.26710109e-02   6.00948000e-01
   3.46238001e-02   6.00582000e-01
   8.31196658e-03   6.00261000e-01
   2.33766863e-02   6.00831000e-01
   3.03038696e-03   6.00271000e-01
   2.57482719e-02   6.00868000e-01
   3.41340623e-02   6.00330000e-01
   3.47024529e-02   5.99811000e-01
   1.02241729e-02   6.00100000e-01
   3.98323574e-02   6.01373000e-01
   3.62262179e-02   6.00551000e-01
   2.94831929e-02   6.01536000e-01
   2.12079307e-02   6.00804000e-01
   2.95842474e-02   5.99987000e-01
   3.55031061e-02   6.00844000e-01
   3.14164188e-02   6.00862000e-01
   6.37268104e-03   6.00263000e-01
   2.40089791e-02   6.00861000e-01
   1.24525827e-02   5.99818000e-01
   1.66908728e-02   6.00109000e-01
   2.75185207e-02   6.00564000e-01
   3.24678069e-02   6.00278000e-01
   5.37695295e-03   5.99783000e-01
   2.76812230e-02   6.00735000e-01
   1.54910049e-02   6.00529000e-01
   3.28861649e-02   6.00446000e-01
   2.66313974e-02   6.00586000e-01
   2.94945885e-02   6.00681000e-01
   2.80381697e-02   6.00446000e-01
   8.00576823e-03   6.00579000e-01
   9.28593178e-03   6.00288000e-01
   3.06031566e-02   5.99979000e-01
   3.03634086e-02   6.01217000e-01
   3.04584284e-02   6.00115000e-01
   1.13451141e-02   6.00671000e-01
   7.83446852e-03   6.00326000e-01
   1.63600623e-02   6.00256000e-01
   2.84759989e-02   6.00208000e-01
   2.68051405e-02   6.00153000e-01
   6.88994465e-03   6.00823000e-01
   1.88550895e-02   6.00187000e-01
   1.83698722e-02   6.00310000e-01
   1.98930236e-02   6.00889000e-01
   2.55944919e-02   6.00710000e-01
   3.84717673e-02   6.00412000e-01
   3.37062065e-02   6.01256000e-01
   2.91071899e-02   5.99760000e-01
   3.55233141e-02   6.00394000e-01
   3.02039510e-02   6.01121000e-01
   3.33037066e-02   6.00312000e-01
   2.94696108e-02   6.00451000e-01
   1.81421786e-02   5.99775000e-01
   4.05221465e-02   5.99609000e-01
   3.24100528e-02   6.00539000e-01
   1.03632415e-02   6.00575000e-01
   2.46702911e-02   6.00630000e-01
   3.43826121e-02   6.00421000e-01
   1.84500916e-02   6.00807000e-01
   4.06887868e-02   6.00109000e-01
   5.91326826e-03   5.99947000e-01
   7.51410240e-03   5.99941000e-01
   1.38862407e-02   6.00655000e-01
   1.17998524e-02   6.00731000e-01
   3.20972748e-02   6.00945000e-01
   2.09605466e-03   5.98973000e-01
   1.22428074e-02   6.00848000e-01
   8.65329384e-03   6.00233000e-01
   3.48446755e-02   6.00476000e-01
   3.76107899e-02   6.00468000e-01
   2.50076843e-02   5.99886000e-01
   2.52277652e-02   6.00805000e-01
   3.05618953e-02   5.99975000e-01
   6.68769169e-03   6.00592000e-01
   2.98074378e-02   6.00373000e-01
   3.22664313e-03   6.00198000e-01
   3.21623869e-02   6.00780000e-01
   4.36506549e-02   6.00461000e-01
   2.26641631e-02   6.00448000e-01
   1.73794811e-02   6.00765000e-01
   2.51068844e-02   5.99858000e-01
   2.87037188e-02   6.00139000e-01
   1.94572960e-02   6.00178000e-01
   5.96056085e-03   6.00049000e-01
   1.39128375e-02   6.00408000e-01
   3.47483645e-02   6.00726000e-01
   2.13869239e-02   6.00457000e-01
   3.43362635e-02   6.00614000e-01
   3.31435991e-02   6.00108000e-01
   2.67032751e-02   6.00435000e-01
   3.69239584e-02   6.01041000e-01
   1.78987714e-02   6.00853000e-01
   3.50197487e-02   6.00736000e-01
   1.93316459e-02   6.00724000e-01
   9.59738139e-03   5.99988000e-01
   1.01628131e-02   6.00488000e-01
   3.48752995e-02   6.00829000e-01
   2.93386445e-03   5.99923000e-01
   2.70518559e-02   6.00634000e-01
   1.87746739e-02   6.00190000e-01
   2.03536506e-02   6.00420000e-01
   1.42268266e-02   6.00138000e-01
   3.26442997e-02   6.00817000e-01
   1.26489676e-02   6.00384000e-01
   3.42672411e-02   6.00331000e-01
   3.23869901e-02   6.00635000e-01
   2.71492460e-02   6.00609000e-01
   1.11059576e-02   6.00705000e-01
   3.97202073e-02   6.01131000e-01
   3.86229890e-02   6.01087000e-01
   1.93682595e-02   6.00208000e-01
   3.82614007e-02   6.00355000e-01
   2.60589016e-02   6.00375000e-01
   1.98990988e-02   6.00719000e-01
   7.99331546e-03   6.00543000e-01
   6.04230424e-03   5.99746000e-01
   2.95894427e-02   6.00309000e-01
   3.08589529e-02   6.00127000e-01
   2.45688790e-02   6.00410000e-01
   3.89396155e-02   6.00292000e-01
   1.55894002e-02   6.00213000e-01
   1.03171908e-02   6.00258000e-01
   4.24689935e-02   6.00512000e-01
   3.82746898e-02   5.99920000e-01
   4.60453711e-02   5.99866000e-01
   3.63459153e-02   6.00108000e-01
   3.81165995e-02   6.01140000e-01
   3.45887821e-02   6.00775000e-01
   3.53845371e-02   5.99973000e-01
   8.69560660e-03   6.00714000e-01
   1.86796711e-02   5.99925000e-01
   2.47209751e-02   6.00687000e-01
   9.92564149e-03   6.00065000e-01
   3.62699979e-02   6.00283000e-01
   3.33085894e-02   6.00649000e-01
   7.88692780e-03   6.00555000e-01
   2.90052005e-02   6.00258000e-01
   8.94064139e-03   5.99922000e-01
   1.14585959e-02   6.00237000e-01
   1.56905236e-02   5.99876000e-01
   4.17011688e-02   6.00405000e-01
   2.05022265e-02   6.00162000e-01
   1.87250386e-02   5.99466000e-01
   2.65848250e-02   6.00462000e-01
   3.70359169e-02   6.00955000e-01
   2.22693674e-02   6.00157000e-01
   1.54455264e-02   6.00158000e-01
   3.01375061e-02   6.00192000e-01
   2.41186733e-02   6.00683000e-01
   3.14753987e-02   5.99568000e-01
   4.04079986e-02   6.00213000e-01
   2.73555513e-02   6.00712000e-01
   1.25827722e-02   6.00552000e-01
   9.17461687e-03   6.01044000e-01
   5.10222212e-03   6.00867000e-01
   1.75844804e-02   6.00992000e-01
   3.40552339e-02   6.01382000e-01
   3.76016391e-02   6.00026000e-01
   3.68762176e-02   6.00271000e-01
   3.73781125e-02   6.00124000e-01
   3.41176384e-02   6.00400000e-01
   3.90113967e-02   6.00582000e-01
   1.99148575e-02   6.00291000e-01
   4.33555288e-03   6.00460000e-01
   6.61123957e-03   6.01010000e-01
   3.65377976e-03   6.00595000e-01
   7.50880215e-03   6.00497000e-01
   3.36110715e-02   6.00087000e-01
   1.12756718e-02   6.00194000e-01
   3.99138886e-02   6.00852000e-01
   2.37966941e-02   6.01005000e-01
   4.19293082e-02   6.00172000e-01
   1.01133261e-02   5.99928000e-01
   2.94389227e-02   6.00256000e-01
   1.22280987e-02   6.00943000e-01
   2.68988639e-02   6.00843000e-01
   2.50647397e-02   6.00839000e-01
   3.09655121e-02   6.00542000e-01
   9.01552235e-03   6.00062000e-01
   2.93922098e-02   6.00533000e-01
   1.95893824e-02   6.00650000e-01
   4.08949814e-03   6.00977000e-01
   1.08853614e-02   6.00587000e-01
   1.01451590e-03   6.00833000e-01
   9.42801193e-03   6.00694000e-01
   2.58739830e-02   6.00679000e-01
   2.40404276e-02   6.00914000e-01
   7.97217344e-03   6.00456000e-01
   2.27210580e-02   6.00343000e-01
   3.34823149e-02   6.00301000e-01
   4.39138111e-02   6.00854000e-01
   3.82623517e-02   6.00292000e-01
   3.18690508e-02   6.00411000e-01
   4.02174559e-02   6.01028000e-01
   3.72582508e-02   6.00177000e-01
   1.40156423e-02   6.00080000e-01
   8.27422244e-03   6.00460000e-01
   3.57535599e-02   6.00698000e-01
   1.52018812e-02   5.99952000e-01
   3.87076899e-02   6.00579000e-01
   3.79580455e-02   6.00764000e-01
   4.53214140e-03   6.00182000e-01
   1.02149670e-02   6.00349000e-01
   2.25251025e-02   6.00725000e-01
   3.75819453e-02   6.00325000e-01
   2.33657636e-02   6.00756000e-01
   3.88228074e-02   6.01642000e-01
   2.90259615e-02   6.00741000e-01
   3.12836575e-02   6.00457000e-01
   2.03582627e-02   6.00088000e-01
   2.04043460e-02   6.00097000e-01
   2.47179901e-02   6.00404000e-01
   3.84516511e-02   6.00769000e-01
   3.88131772e-02   6.00545000e-01
   9.85139099e-03   6.00424000e-01
   1.04184818e-02   6.00109000e-01
   2.18898737e-02   5.99877000e-01
   1.85118265e-02   6.00168000e-01
   3.26090896e-02   6.00231000e-01
   3.76657056e-02   6.00767000e-01
   1.93374569e-02   6.00701000e-01
   2.04114521e-02   5.99646000e-01
   3.06630075e-02   6.00325000e-01
   1.04956514e-02   6.00188000e-01
   1.04874668e-02   6.00623000e-01
   3.29089065e-02   6.00920000e-01
   1.48217998e-02   6.00720000e-01
   3.01839730e-02   6.00599000e-01
   1.75535363e-02   6.00739000e-01
   3.33718868e-02   6.00185000e-01
   2.04113439e-02   6.00743000e-01
   1.49093206e-02   6.00513000e-01
   4.26980083e-02   6.00687000e-01
   4.02363332e-02   6.00593000e-01
   3.57399095e-02   6.00578000e-01
   1.57505962e-02   6.00284000e-01
   1.83069573e-02   6.00204000e-01
   1.23012876e-02   6.00421000e-01
   3.48593472e-02   6.00247000e-01
   3.82398440e-02   6.00301000e-01
   1.94376823e-02   5.99698000e-01
   7.94377148e-03   6.00197000e-01
   3.17376278e-02   6.00310000e-01
   1.89520382e-02   6.01006000e-01
   1.22153099e-02   6.00580000e-01
   2.83343306e-02   6.00449000e-01
   9.85557044e-03   6.00371000e-01
   1.93358628e-02   6.00514000e-01
   1.39922137e-02   6.00845000e-01
   3.60420572e-02   6.00869000e-01
   3.91870075e-02   6.01004000e-01
   1.47238516e-02   6.00147000e-01
   1.22803392e-02   6.00714000e-01
   3.06011037e-02   5.99912000e-01
   2.60045248e-02   6.00676000e-01
   3.14650041e-02   6.00187000e-01
   2.55452373e-02   6.00151000e-01
   1.86356134e-02   6.00018000e-01
   3.70543126e-02   6.00849000e-01
   3.18310024e-02   6.00063000e-01
   2.50006089e-02   6.00705000e-01
   2.97849819e-02   5.99806000e-01
   9.21310275e-03   6.00299000e-01
   3.77404482e-02   6.00607000e-01
   2.53318458e-02   6.00329000e-01
   1.14290079e-02   5.99752000e-01
   2.20301137e-02   5.99835000e-01
   2.54985076e-02   6.00486000e-01
   8.16659055e-03   5.99638000e-01
   3.45376079e-02   6.00494000e-01
   2.78695370e-02   6.00774000e-01
   2.77972184e-02   6.00384000e-01
   3.60945133e-02   6.00705000e-01
   2.39788794e-02   6.00942000e-01
   2.41395970e-02   5.99653000e-01
   9.83155924e-03   6.00075000e-01
   5.68608119e-03   5.99498000e-01
   5.25868334e-03   6.00887000e-01
   1.90411328e-02   6.00262000e-01
   6.70151767e-03   6.00530000e-01
   1.22096635e-02   6.00409000e-01
   1.36779172e-02   6.00024000e-01
   2.54153140e-02   6.00912000e-01
   2.90447069e-02   6.00283000e-01
   1.85713739e-02   6.00624000e-01
   2.57865851e-02   6.00054000e-01
   3.31250439e-02   6.00669000e-01
   3.61608137e-02   6.00696000e-01
   3.14032639e-02   6.00317000e-01
   3.33380260e-02   6.00888000e-01
   2.19975918e-02   5.99542000e-01
   2.12574694e-03   6.00298000e-01
   1.43563664e-02   6.00223000e-01
   1.93645082e-02   6.00512000e-01
   1.94540667e-02   6.00468000e-01
   4.12126399e-03   6.00137000e-01
   9.31126382e-03   5.99555000e-01
   3.74369751e-02   6.00386000e-01
   2.05980735e-02   6.00379000e-01
   2.74150903e-02   6.00703000e-01
   2.97585523e-02   6.00943000e-01
   4.32730042e-02   6.00162000e-01
   3.08852820e-02   6.00139000e-01
   1.55801669e-02   6.01536000e-01
   3.45023740e-02   6.00488000e-01
   2.38552142e-02   6.00555000e-01
   2.39528644e-03   6.01170000e-01
   3.02327885e-02   6.00334000e-01
   2.79041380e-02   6.00499000e-01
   8.36130604e-03   6.00207000e-01
   2.51379512e-02   6.00555000e-01
   1.20713928e-02   6.00710000e-01
   1.82271543e-02   5.99628000e-01
   3.01651220e-02   6.00242000e-01
   1.22026479e-02   6.00103000e-01
   3.06742748e-02   6.00382000e-01
   3.47859091e-02   6.00543000e-01
   7.58571222e-03   6.00480000e-01
   2.73303166e-02   6.00369000e-01
   2.42626113e-02   5.99781000e-01
   3.78178764e-02   6.00486000e-01
   3.32960832e-02   6.00994000e-01
   2.33337893e-02   6.00433000e-01
   2.08027003e-02   6.00234000e-01
   5.16222962e-03   6.00691000e-01
   1.75216753e-02   6.00313000e-01
   2.59219353e-02   6.01282000e-01
   8.48125275e-03   6.00266000e-01
   2.61470849e-02   6.00737000e-01
   1.25226921e-02   6.00875000e-01
   3.21790763e-02   6.00352000e-01
   2.69895415e-02   6.00365000e-01
   3.27851491e-02   6.00264000e-01
   2.32056359e-02   5.99794000e-01
   3.39899981e-02   6.00602000e-01
   1.62001266e-02   5.99169000e-01
   7.37644568e-03   6.00488000e-01
   2.94423897e-02   5.99829000e-01
   8.70548389e-03   6.00859000e-01
   7.60297977e-03   6.00744000e-01
   3.78150664e-02   6.00744000e-01
   1.35632331e-02   6.00041000e-01
   4.69336940e-03   6.00822000e-01
   2.37080811e-02   6.00439000e-01
   3.66609918e-02   6.00659000e-01
   2.64229572e-02   6.00461000e-01
   4.01991629e-03   5.99890000e-01
   7.07509939e-03   6.00384000e-01
   1.71569633e-02   6.00846000e-01
   6.14760766e-03   6.00095000e-01
   1.44534528e-02   6.00811000e-01
   1.59711653e-02   5.99979000e-01
   9.99065969e-03   5.99885000e-01
   1.46795510e-02   6.00551000e-01
   1.70663388e-02   6.00864000e-01
   1.95181380e-02   6.00551000e-01
   2.93079562e-02   6.00552000e-01
   2.41086636e-02   6.00280000e-01
   1.38292889e-02   6.00830000e-01
   2.50093410e-02   6.00754000e-01
   3.32408379e-02   6.00403000e-01
   2.29972985e-02   5.99943000e-01
   2.03049397e-02   6.00667000e-01
   3.59608435e-02   6.00105000e-01
   2.98836698e-02   6.00747000e-01
   2.51479836e-02   6.00768000e-01
   2.78357506e-02   5.99969000e-01
   2.93793276e-02   6.00492000e-01
   3.90100294e-02   6.00099000e-01
   3.80457091e-02   6.00571000e-01
   2.52683098e-02   6.00228000e-01
   1.43026247e-02   6.00327000e-01
   3.52108126e-02   6.00281000e-01
   3.98334060e-02   6.00432000e-01
   3.55180235e-02   5.99362000e-01
   3.70301167e-02   5.99484000e-01
   2.69058112e-02   6.00486000e-01
   2.77928444e-02   6.00477000e-01
   2.55697949e-02   5.99981000e-01
   3.59682225e-02   6.00617000e-01
   5.03721728e-03   6.00709000e-01
   2.37207717e-02   6.00098000e-01
   3.77761519e-02   6.00639000e-01
   3.81861142e-02   6.00552000e-01
   1.88158083e-02   6.00572000e-01
   2.51042989e-02   5.99939000e-01
   3.78210779e-02   6.00144000e-01
   7.82640321e-03   5.99856000e-01
   2.25110739e-02   6.00144000e-01
   2.31139554e-02   6.00098000e-01
   3.96993259e-02   6.00667000e-01
   8.66589417e-03   5.99912000e-01
   2.30226674e-02   6.00443000e-01
   1.89390032e-02   6.00497000e-01
   1.76569083e-02   6.00656000e-01
   1.21215427e-02   6.00354000e-01
   2.44863760e-02   6.00981000e-01
   2.64945226e-02   6.00260000e-01
   1.38588991e-02   5.99911000e-01
   1.42459374e-02   6.00902000e-01
   1.50891030e-02   6.00818000e-01
   3.71402005e-02   6.00486000e-01
   8.59187901e-03   5.99281000e-01
   3.70137426e-02   6.00494000e-01
   2.40451837e-02   6.00722000e-01
   3.43231011e-02   6.01100000e-01
   9.93090508e-03   6.00269000e-01
   4.89027532e-03   6.00677000e-01
   3.43644664e-02   6.00010000e-01
   2.72010097e-02   6.00174000e-01
   2.84304642e-02   6.01238000e-01
   2.81121931e-02   5.99567000e-01
   1.42533883e-02   6.00056000e-01
   2.63869177e-02   6.00134000e-01
   2.74710449e-02   6.00791000e-01
   1.67594865e-02   6.00008000e-01
   1.88838083e-02   6.00358000e-01
   1.94029447e-02   6.00062000e-01
   3.91919791e-02   6.00268000e-01
   4.14848957e-02   6.00871000e-01
   4.22859348e-02   6.00662000e-01
   5.74960403e-03   6.00766000e-01
   5.99593758e-03   6.00330000e-01
   2.75192860e-02   6.00822000e-01
   2.01407424e-03   5.99615000e-01
   7.28912491e-03   5.99387000e-01
   3.69634155e-02   5.99887000e-01
   3.28524563e-03   6.00080000e-01
   4.02868290e-02   6.00610000e-01
   2.17492755e-02   6.00030000e-01
   2.96413544e-02   5.99822000e-01
   2.57407687e-02   6.01330000e-01
   3.47486488e-02   6.00369000e-01
   4.28137573e-02   6.00740000e-01
   4.20434162e-02   6.01477000e-01
   3.32940389e-02   6.00411000e-01
   3.39287750e-02   6.01245000e-01
   3.11511843e-02   6.01240000e-01
   4.34615284e-02   6.00573000e-01
   3.09290805e-02   6.00550000e-01
   3.52700515e-02   6.01094000e-01
   3.55541215e-02   6.00543000e-01
   3.55360696e-02   6.00192000e-01
   1.57667036e-02   6.00485000e-01
   4.22091244e-02   6.01015000e-01
   3.46568946e-02   6.00003000e-01
   3.07711317e-02   6.00437000e-01
   3.14728739e-02   5.99834000e-01
   2.54367763e-02   6.01036000e-01
   1.28905698e-02   5.99895000e-01
   1.14452072e-02   6.00312000e-01
   2.44942703e-02   6.00566000e-01
   2.67482517e-02   6.00101000e-01
   3.17729216e-02   6.00289000e-01
   2.58552546e-02   5.99711000e-01
   3.75818353e-03   6.00242000e-01
   1.17281615e-02   6.00032000e-01
   3.24174233e-02   6.00138000e-01
   3.96687184e-02   6.00500000e-01
   2.65763332e-02   6.00522000e-01
   3.10473667e-02   6.00244000e-01
   1.83382828e-02   5.99929000e-01
   1.20007306e-02   6.00919000e-01
   2.40970917e-02   6.01112000e-01
   3.79728027e-03   6.00618000e-01
   1.81535981e-02   6.00462000e-01
   2.42754972e-02   6.00090000e-01
   2.04995675e-02   6.00407000e-01
   1.68279295e-02   6.00960000e-01
   5.50880924e-03   5.99708000e-01
   2.60963796e-02   6.00915000e-01
   2.16615826e-02   6.00943000e-01
   1.38386485e-02   6.00146000e-01
   3.78106384e-02   6.00910000e-01
   2.23969166e-02   6.00469000e-01
   6.61272745e-03   6.00128000e-01
   4.04558396e-02   6.00982000e-01
   4.23327946e-02   5.99925000e-01
   4.12994561e-02   6.00869000e-01
   3.62609324e-02   6.00194000e-01
   3.65228643e-02   6.01123000e-01
   2.33984063e-02   6.00709000e-01
   3.41508008e-02   6.00596000e-01
   3.86595432e-02   6.00455000e-01
   3.22491166e-02   6.01199000e-01
   3.40133163e-02   6.00046000e-01
   2.41495715e-02   6.00441000e-01
   2.14697992e-02   6.00985000e-01
   1.69039643e-02   6.00452000e-01
   2.23766632e-02   6.00644000e-01
   1.87566606e-02   6.00469000e-01
   2.63434340e-02   6.00703000e-01
   2.74381212e-02   6.00400000e-01
   7.51966330e-03   6.00525000e-01
   6.43102727e-03   6.00038000e-01
   3.53633185e-02   6.00357000e-01
   1.35316027e-02   6.00175000e-01
   2.90416823e-02   6.00762000e-01
   3.37264376e-02   6.00525000e-01
   1.82394591e-02   6.00143000e-01
   1.88647078e-02   6.00315000e-01
   1.52983561e-02   6.00646000e-01
   1.58830867e-02   6.00113000e-01
   3.44379168e-02   5.99387000e-01
   6.87472648e-03   6.00418000e-01
   3.13204764e-03   6.00898000e-01
   1.44696051e-02   6.00134000e-01
   1.03278626e-02   5.99773000e-01
   3.13297331e-02   6.00979000e-01
   4.18094844e-03   6.00389000e-01
   7.29788742e-03   6.00286000e-01
   3.95411978e-02   6.01162000e-01
   1.27182386e-02   6.00369000e-01
   3.11550389e-02   6.00964000e-01
   7.41419240e-03   5.99972000e-01
   3.01445376e-02   5.99721000e-01
   3.90880405e-02   6.00851000e-01
   3.56305023e-02   6.00585000e-01
   4.36709748e-02   6.00283000e-01
   2.67647477e-02   5.99542000e-01
   8.58789766e-03   5.99796000e-01
   3.00506591e-02   6.00317000e-01
   2.93954363e-02   5.99748000e-01
   3.07398610e-02   6.00055000e-01
   1.01055804e-02   6.00228000e-01
   3.60124043e-02   6.00459000e-01
   2.72331102e-02   6.00584000e-01
   3.59222185e-02   6.00774000e-01
   7.45446971e-03   6.00119000e-01
   3.69422702e-02   6.00122000e-01
   5.55398768e-03   6.00689000e-01
   4.30520311e-02   5.99726000e-01
   2.37597603e-02   6.00556000e-01
   4.77558244e-03   6.00178000e-01
   2.99511437e-02   6.01279000e-01
   3.69880837e-02   6.00447000e-01
   3.20480874e-02   5.99836000e-01
   2.51191375e-02   6.00268000e-01
   3.59511100e-02   6.00376000e-01
   2.66489391e-02   6.00659000e-01
   3.38110047e-02   6.00479000e-01
   3.75531023e-02   6.00526000e-01
   3.37700482e-02   6.01069000e-01
   2.76812083e-02   6.00911000e-01
   3.12936590e-02   6.00684000e-01
   1.27094520e-02   5.99645000e-01
   2.51619202e-02   6.00549000e-01
   2.65596999e-02   6.00158000e-01
   1.83466823e-02   6.00919000e-01
   3.13390116e-02   6.01119000e-01
   1.39622951e-02   6.00246000e-01
   1.59528074e-02   5.99821000e-01
   7.92220618e-03   6.00377000e-01
   1.17215328e-02   6.01238000e-01
   2.84944041e-02   6.00586000e-01
   1.83550993e-02   6.00533000e-01
   3.62889230e-02   6.00687000e-01
   1.21592084e-02   6.00394000e-01
   4.18639070e-02   6.00433000e-01
   4.11430676e-02   6.00782000e-01
   3.15986656e-02   6.00443000e-01
   2.53053977e-02   6.00523000e-01
   1.31609340e-02   6.00206000e-01
   2.94701797e-02   6.00575000e-01
   2.81273309e-02   6.00469000e-01
   3.41876652e-02   6.00351000e-01
   2.07068532e-02   6.00269000e-01
   3.68369676e-02   6.00873000e-01
   7.45191384e-03   6.00534000e-01
   2.95259956e-02   6.00567000e-01
   7.13749574e-03   6.01012000e-01
   1.58401323e-02   5.99788000e-01
   1.59118136e-02   6.00723000e-01
   2.72556775e-02   6.00725000e-01
   3.41327347e-02   6.00120000e-01
   1.26339681e-02   6.01605000e-01
   8.60682117e-03   5.99598000e-01
   8.08513078e-03   6.00850000e-01
   2.05527215e-02   6.00482000e-01
   2.25128677e-02   6.00870000e-01
   2.81609517e-02   6.00583000e-01
   2.87964838e-02   6.00526000e-01
   2.05017260e-02   6.00444000e-01
   7.50195049e-03   6.00710000e-01
   3.00285203e-02   6.00746000e-01
   1.31697158e-02   6.00369000e-01
   3.04897463e-02   6.00304000e-01
   9.28127613e-03   6.00167000e-01
   1.26267404e-02   6.00525000e-01
   3.21035125e-02   6.00286000e-01
   2.81989140e-02   6.00545000e-01
   2.33533833e-02   6.00638000e-01
   1.28722687e-02   6.00922000e-01
   3.23609867e-02   6.00474000e-01
   2.09160860e-02   6.01009000e-01
   2.11404843e-02   6.00221000e-01
   3.22531938e-02   5.99957000e-01
   3.79538431e-02   6.00535000e-01
   3.49190502e-02   6.01263000e-01
   1.19879331e-02   6.00574000e-01
   3.38257351e-02   6.00688000e-01
   3.81810738e-02   6.00699000e-01
   2.56839359e-02   6.01419000e-01
   5.87199497e-03   6.00475000e-01
   4.10534566e-03   6.00483000e-01
   3.40226065e-02   6.01188000e-01
   1.59544519e-02   5.99893000e-01
   9.10260590e-03   6.00057000e-01
   1.50386080e-02   6.00312000e-01
   1.14155214e-02   5.99975000e-01
   3.45976828e-02   6.00799000e-01
   2.59828832e-02   6.00210000e-01
   8.62481495e-03   6.00413000e-01
   5.86720131e-03   6.00652000e-01
   3.62343339e-02   6.00040000e-01
   1.72495739e-02   6.00491000e-01
   1.91400839e-02   6.00414000e-01
   4.46227773e-02   6.00235000e-01
   3.90725837e-02   6.01271000e-01
   1.90024932e-02   6.01450000e-01
   2.05365872e-02   6.00600000e-01
   2.67954745e-02   6.00361000e-01
   1.95136476e-02   6.00365000e-01
   8.64612212e-03   6.00539000e-01
   1.76679901e-02   6.00047000e-01
   6.00803020e-03   5.99912000e-01
   1.03273381e-02   6.00109000e-01
   4.37071179e-03   5.99986000e-01
   3.73078988e-02   6.00130000e-01
   2.97983737e-02   6.00288000e-01
   7.51314733e-03   6.00397000e-01
   3.06412492e-02   6.00150000e-01
   3.11952446e-02   6.00664000e-01
   1.24511976e-02   6.00055000e-01
   1.82127851e-02   6.00359000e-01
   1.05482555e-02   5.99551000e-01
   2.95375493e-02   6.00139000e-01
   4.54765718e-02   6.00877000e-01
   3.85712096e-02   6.01026000e-01
   3.75141007e-02   5.99846000e-01
   3.36723112e-02   6.00430000e-01
   2.01208725e-02   6.01251000e-01
   2.73424757e-02   6.00866000e-01
   3.35704058e-02   6.00307000e-01
   1.07417107e-02   5.99526000e-01
   1.34540887e-02   6.00527000e-01
   3.51218892e-02   6.00881000e-01
   1.63030859e-02   6.00216000e-01
   2.36314597e-02   6.00643000e-01
   2.94267273e-02   6.01135000e-01
   2.15957113e-02   6.00325000e-01
   2.75002187e-02   6.00155000e-01
   4.94705039e-02   6.00366000e-01
   2.57068483e-02   6.00895000e-01
   2.64355658e-02   6.00627000e-01
   2.99327674e-02   6.00255000e-01
   1.80228283e-02   6.00093000e-01
   6.51544190e-03   6.00188000e-01
   1.53073444e-02   6.00312000e-01
   1.16520646e-02   5.99542000e-01
   2.24688627e-02   5.99898000e-01
   3.04098877e-02   6.00491000e-01
   3.81132716e-02   6.01265000e-01
   2.92410977e-02   6.00295000e-01
   1.21353431e-02   6.00146000e-01
   1.55526934e-03   6.00226000e-01
   2.93285846e-02   6.00610000e-01
   3.70385833e-02   6.00585000e-01
   1.23303602e-02   6.00394000e-01
   2.10758502e-02   6.00232000e-01
   1.97304547e-02   6.00656000e-01
   2.13733202e-02   6.00883000e-01
   1.38297720e-02   6.01089000e-01
   2.70174311e-02   6.00761000e-01
   7.55903222e-03   6.00527000e-01
   2.77874856e-02   5.99796000e-01
   3.00741053e-02   6.00599000e-01
