#             |P|               []
   1.19296999e-02   5.96642000e-01
   6.07878684e-03   5.97260000e-01
   2.81732771e-02   5.96605000e-01
   1.01926857e-02   5.96719000e-01
   6.09766400e-03   5.97072000e-01
   2.71634367e-03   5.96977000e-01
   1.48653859e-02   5.97058000e-01
   8.43951985e-03   5.96260000e-01
   1.52055462e-02   5.96603000e-01
   2.39509765e-02   5.96773000e-01
   5.73483489e-03   5.96782000e-01
   3.92943398e-03   5.97311000e-01
   1.24238049e-02   5.96994000e-01
   1.07215309e-02   5.97199000e-01
   1.08442713e-02   5.96466000e-01
   1.63473061e-02   5.96459000e-01
   1.14955694e-02   5.96706000e-01
   6.48443706e-03   5.96805000e-01
   4.95507702e-03   5.97132000e-01
   4.64262452e-03   5.97188000e-01
   1.50621764e-02   5.96753000e-01
   8.34104123e-03   5.96719000e-01
   9.53888273e-03   5.96806000e-01
   1.66425868e-02   5.97244000e-01
   9.52745927e-03   5.97482000e-01
   6.76013975e-03   5.96767000e-01
   9.40785541e-03   5.97009000e-01
   5.85256110e-03   5.96539000e-01
   9.63302375e-03   5.97259000e-01
   3.57284950e-03   5.97075000e-01
   1.91859826e-02   5.96610000e-01
   8.98803519e-03   5.97029000e-01
   7.94228824e-03   5.97063000e-01
   9.54953063e-03   5.97122000e-01
   5.33595775e-03   5.97530000e-01
   9.00403857e-03   5.96748000e-01
   1.08973777e-02   5.96980000e-01
   6.46974653e-03   5.96967000e-01
   1.16261578e-02   5.97135000e-01
   2.32707418e-02   5.97316000e-01
   8.20454327e-03   5.96321000e-01
   7.42530226e-03   5.96750000e-01
   3.08351915e-03   5.97740000e-01
   4.76973081e-03   5.96518000e-01
   2.02617029e-02   5.97422000e-01
   5.31138073e-03   5.96750000e-01
   1.94662138e-03   5.97746000e-01
   4.71366089e-03   5.96782000e-01
   8.62288157e-03   5.96797000e-01
   4.83542244e-03   5.97570000e-01
   2.23218715e-02   5.96775000e-01
   5.62606173e-03   5.96448000e-01
   4.62377309e-03   5.96476000e-01
   1.27105664e-02   5.97468000e-01
   5.49654843e-03   5.96814000e-01
   1.44523085e-02   5.97096000e-01
   3.84741173e-03   5.96785000e-01
   5.09028530e-03   5.96935000e-01
   1.15909944e-02   5.96925000e-01
   8.05162862e-03   5.96546000e-01
   7.25095079e-03   5.97071000e-01
   4.06651682e-03   5.96814000e-01
   5.18215391e-03   5.96763000e-01
   2.71524651e-02   5.96823000e-01
   1.92187946e-03   5.96608000e-01
   6.29743532e-03   5.96689000e-01
   1.86963170e-02   5.97362000e-01
   9.02205857e-03   5.96681000e-01
   6.75754606e-03   5.97166000e-01
   1.48855547e-02   5.97225000e-01
   1.16256895e-02   5.97724000e-01
   3.52909400e-02   5.97600000e-01
   5.05191670e-03   5.96675000e-01
   1.84494983e-02   5.96698000e-01
   1.06768246e-02   5.96686000e-01
   1.66214994e-02   5.96624000e-01
   3.93073880e-03   5.97096000e-01
   1.93710897e-02   5.96890000e-01
   4.61733341e-03   5.97190000e-01
   1.50551454e-03   5.96679000e-01
   5.35068551e-03   5.96637000e-01
   7.37409063e-03   5.96961000e-01
   1.97394340e-02   5.97695000e-01
   7.03487971e-03   5.96636000e-01
   3.32746492e-02   5.96639000e-01
   8.31766826e-03   5.96162000e-01
   2.57093202e-03   5.97112000e-01
   1.26700698e-02   5.96710000e-01
   1.09021330e-02   5.97077000e-01
   9.44777771e-03   5.96744000e-01
   6.33003844e-03   5.97098000e-01
   1.29544736e-02   5.97525000e-01
   6.60183030e-03   5.96812000e-01
   1.48925063e-02   5.96814000e-01
   1.57597990e-02   5.96432000e-01
   8.63881759e-03   5.96687000e-01
   4.62337656e-03   5.96354000e-01
   3.14319946e-02   5.96656000e-01
   1.16517235e-02   5.97663000e-01
   8.49458792e-03   5.96708000e-01
   2.49338495e-02   5.97000000e-01
   4.97748250e-03   5.96688000e-01
   9.48381925e-03   5.96633000e-01
   9.16128697e-03   5.97296000e-01
   1.73450954e-02   5.96800000e-01
   1.95615037e-02   5.96919000e-01
   1.77877803e-02   5.96390000e-01
   5.71431416e-03   5.96661000e-01
   1.13066197e-02   5.97073000e-01
   8.35492993e-03   5.96843000e-01
   1.76127320e-03   5.96550000e-01
   1.12058105e-02   5.97095000e-01
   1.25571714e-02   5.97211000e-01
   6.37973942e-03   5.97893000e-01
   7.11210650e-03   5.97457000e-01
   7.03295924e-03   5.97124000e-01
   5.86501110e-03   5.96597000e-01
   9.64765650e-03   5.97307000e-01
   3.07616840e-02   5.96923000e-01
   3.00818910e-03   5.97050000e-01
   1.30523076e-02   5.96862000e-01
   1.05960498e-02   5.97572000e-01
   2.58184387e-03   5.97141000e-01
   1.67600814e-02   5.97280000e-01
   1.06933630e-02   5.97480000e-01
   1.02246026e-02   5.97181000e-01
   2.30153703e-02   5.96569000e-01
   6.80421690e-03   5.97772000e-01
   8.87766363e-03   5.96991000e-01
   1.55974079e-02   5.96704000e-01
   3.54941342e-03   5.96321000e-01
   1.71652123e-02   5.96924000e-01
   2.44320080e-02   5.97356000e-01
   3.66641341e-03   5.96716000e-01
   1.48184183e-02   5.96821000e-01
   1.47807296e-02   5.96761000e-01
   7.23896136e-03   5.97123000e-01
   1.43838615e-02   5.96958000e-01
   2.05756251e-02   5.96579000e-01
   1.72592019e-02   5.97346000e-01
   3.11707179e-03   5.96875000e-01
   4.92567857e-03   5.97270000e-01
   2.90294401e-03   5.96861000e-01
   9.00467422e-03   5.96151000e-01
   1.83016086e-03   5.97565000e-01
   2.13210578e-02   5.96782000e-01
   7.56578337e-03   5.97511000e-01
   1.19115205e-02   5.97281000e-01
   1.75264870e-02   5.96846000e-01
   1.00570420e-02   5.97519000e-01
   1.91415902e-02   5.96922000e-01
   1.12229407e-02   5.95712000e-01
   1.82502164e-02   5.97143000e-01
   1.03781004e-02   5.96171000e-01
   7.25245068e-03   5.96643000e-01
   9.37963527e-03   5.96549000e-01
   3.75464996e-03   5.97451000e-01
   2.57367805e-02   5.97011000e-01
   2.28280030e-03   5.97140000e-01
   2.63175796e-02   5.98098000e-01
   1.14317474e-02   5.96658000e-01
   5.97125149e-03   5.96602000e-01
   4.46526758e-03   5.96939000e-01
   3.49758459e-03   5.97276000e-01
   7.96894424e-03   5.96750000e-01
   7.55201988e-03   5.97089000e-01
   6.97902003e-03   5.97143000e-01
   7.25208244e-03   5.96719000e-01
   7.42424182e-03   5.97364000e-01
   3.91330837e-03   5.96765000e-01
   1.54707971e-02   5.96928000e-01
   9.22092289e-03   5.96673000e-01
   1.12880836e-02   5.97144000e-01
   1.44936332e-02   5.96737000e-01
   1.04135753e-02   5.96689000e-01
   2.29679274e-02   5.97607000e-01
   1.70544665e-02   5.97047000e-01
   9.96081125e-04   5.96652000e-01
   1.73511655e-02   5.97150000e-01
   2.63843374e-02   5.96667000e-01
   6.88066210e-03   5.96889000e-01
   4.37217946e-03   5.96835000e-01
   8.12804280e-03   5.96834000e-01
   1.40683906e-02   5.96763000e-01
   3.87643250e-03   5.96740000e-01
   1.62465621e-02   5.97253000e-01
   1.45754148e-03   5.97012000e-01
   1.23675166e-02   5.97117000e-01
   6.26905948e-03   5.96432000e-01
   1.13634077e-02   5.97135000e-01
   1.69674942e-02   5.97564000e-01
   1.33141228e-02   5.96989000e-01
   7.69296141e-03   5.96725000e-01
   2.47518494e-03   5.97076000e-01
   2.32069183e-03   5.97283000e-01
   1.23761933e-02   5.97218000e-01
   9.75783524e-03   5.97332000e-01
   7.65953667e-03   5.96381000e-01
   7.68537308e-03   5.97531000e-01
   6.73663525e-03   5.95981000e-01
   6.22111373e-03   5.97681000e-01
   3.11572635e-03   5.96249000e-01
   1.50980551e-02   5.96939000e-01
   1.68060115e-02   5.96271000e-01
   9.66515910e-03   5.97723000e-01
   4.46359407e-03   5.97089000e-01
   1.41242460e-02   5.97114000e-01
   6.29901621e-03   5.97419000e-01
   1.18824727e-02   5.97232000e-01
   2.11429381e-02   5.96428000e-01
   6.74817551e-03   5.97180000e-01
   6.46475854e-03   5.96283000e-01
   3.17675975e-02   5.97684000e-01
   4.70040724e-03   5.96750000e-01
   1.57982697e-03   5.96745000e-01
   9.90665665e-03   5.96214000e-01
   1.05075011e-02   5.96217000e-01
   4.31516194e-03   5.96630000e-01
   1.13684337e-02   5.97237000e-01
   4.94222849e-03   5.96495000e-01
   9.80627029e-03   5.96787000e-01
   8.55535389e-03   5.96990000e-01
   2.07541383e-02   5.97293000e-01
   8.94298300e-03   5.97192000e-01
   4.89086590e-03   5.97206000e-01
   1.23238285e-02   5.97088000e-01
   1.77840945e-02   5.97084000e-01
   1.06656303e-02   5.97340000e-01
   8.09313986e-03   5.97331000e-01
   1.09688558e-02   5.96672000e-01
   3.73106646e-03   5.96351000e-01
   2.73082538e-02   5.97538000e-01
   9.21406214e-03   5.97406000e-01
   2.53736847e-02   5.97271000e-01
   3.54055505e-03   5.97197000e-01
   5.77732286e-03   5.97319000e-01
   1.62963399e-02   5.97177000e-01
   1.04675232e-02   5.97262000e-01
   1.54082713e-02   5.96547000e-01
   5.17417962e-03   5.97615000e-01
   5.38812690e-03   5.97079000e-01
   1.87635737e-02   5.97122000e-01
   5.52276629e-03   5.97317000e-01
   1.50016002e-02   5.97200000e-01
   7.15981948e-03   5.97628000e-01
   1.29041574e-02   5.96858000e-01
   1.78044043e-02   5.96736000e-01
   2.60384040e-02   5.96822000e-01
   9.29358592e-03   5.96690000e-01
   4.50368948e-03   5.97113000e-01
   4.46153767e-03   5.96492000e-01
   7.10852005e-03   5.97895000e-01
   8.40371951e-03   5.96222000e-01
   1.51951123e-02   5.96353000e-01
   3.79444531e-03   5.96942000e-01
   7.92285046e-03   5.97059000e-01
   3.27985394e-03   5.96986000e-01
   2.37214786e-02   5.97321000e-01
   2.71175906e-03   5.96338000e-01
   2.34144263e-02   5.97480000e-01
   3.58810201e-02   5.97249000e-01
   2.93967836e-03   5.96929000e-01
   3.36167582e-03   5.96889000e-01
   1.47960926e-02   5.96573000e-01
   4.95514693e-03   5.96310000e-01
   1.10468300e-02   5.96876000e-01
   1.73948835e-02   5.97045000e-01
   8.15334389e-03   5.96782000e-01
   2.36966603e-02   5.97237000e-01
   5.27729475e-03   5.96979000e-01
   2.81767168e-03   5.96968000e-01
   9.02418603e-03   5.97411000e-01
   4.22779656e-03   5.96651000e-01
   1.44336372e-03   5.96663000e-01
   1.46381403e-02   5.96920000e-01
   2.26773761e-03   5.96980000e-01
   6.62494303e-03   5.96667000e-01
   5.53111256e-03   5.97710000e-01
   1.20495145e-02   5.95885000e-01
   2.00232542e-03   5.96847000e-01
   2.80975405e-03   5.97233000e-01
   6.80536550e-03   5.96757000e-01
   1.34044530e-02   5.96938000e-01
   1.57210698e-02   5.97301000e-01
   1.16826961e-02   5.96313000e-01
   1.59257975e-02   5.95981000e-01
   5.94390061e-03   5.96729000e-01
   2.84696771e-02   5.97533000e-01
   1.38517078e-02   5.96577000e-01
   4.57836405e-03   5.96717000e-01
   9.04144599e-03   5.96538000e-01
   6.35007630e-03   5.96290000e-01
   1.34966372e-02   5.96598000e-01
   1.46286324e-02   5.96606000e-01
   1.30036985e-02   5.96335000e-01
   2.80498258e-03   5.96428000e-01
   1.15148877e-02   5.96969000e-01
   4.75259830e-03   5.96230000e-01
   2.69608527e-03   5.96761000e-01
   1.56714609e-02   5.96851000e-01
   7.04906608e-03   5.96783000e-01
   1.22816858e-02   5.97412000e-01
   6.43938352e-03   5.97402000e-01
   5.64947701e-03   5.96680000e-01
   5.39792203e-03   5.97322000e-01
   1.71101776e-03   5.97009000e-01
   7.83585241e-03   5.97519000e-01
   1.76347901e-02   5.97251000e-01
   6.40776440e-03   5.97641000e-01
   1.08479629e-02   5.96927000e-01
   2.01178735e-02   5.96916000e-01
   2.39477039e-02   5.96890000e-01
   2.07780626e-02   5.96167000e-01
   6.46011189e-03   5.96131000e-01
   8.94512385e-03   5.96871000e-01
   2.07893617e-03   5.97395000e-01
   1.21738709e-02   5.97315000e-01
   1.22393284e-02   5.96853000e-01
   1.10100282e-02   5.96810000e-01
   1.27603338e-02   5.97492000e-01
   9.31770354e-03   5.97164000e-01
   2.11482391e-03   5.97640000e-01
   1.98950594e-02   5.96952000e-01
   2.44101663e-02   5.97090000e-01
   1.94987862e-02   5.97559000e-01
   1.48016572e-02   5.97150000e-01
   8.31000663e-03   5.96451000e-01
   1.70034619e-03   5.97796000e-01
   2.56751420e-02   5.97576000e-01
   3.54791626e-03   5.96502000e-01
   1.01826863e-02   5.97750000e-01
   3.41999963e-02   5.96623000e-01
   1.28553190e-02   5.96282000e-01
   5.40093558e-03   5.97297000e-01
   1.61819741e-02   5.97060000e-01
   3.87837302e-03   5.96997000e-01
   1.82061247e-02   5.96907000e-01
   8.27894073e-03   5.97327000e-01
   1.08247193e-02   5.96875000e-01
   2.28216007e-03   5.96842000e-01
   1.83234069e-03   5.97854000e-01
   5.63963253e-03   5.96925000e-01
   3.90007426e-03   5.96545000e-01
   8.19368070e-03   5.97169000e-01
   1.50716109e-02   5.97237000e-01
   1.51432689e-02   5.97215000e-01
   5.08807433e-03   5.96197000e-01
   1.81720078e-02   5.96825000e-01
   2.84047976e-03   5.97166000e-01
   2.59106979e-02   5.96777000e-01
   5.20850627e-03   5.96666000e-01
   3.96858955e-03   5.96704000e-01
   6.09975109e-03   5.96910000e-01
   9.86577842e-03   5.96932000e-01
   1.99291850e-02   5.97035000e-01
   4.45642724e-03   5.96756000e-01
   3.49097456e-03   5.96967000e-01
   8.07017050e-03   5.96647000e-01
   1.21638652e-02   5.97100000e-01
   1.33710067e-02   5.96937000e-01
   1.18261910e-02   5.97337000e-01
   1.65282385e-02   5.97747000e-01
   1.74302856e-03   5.97588000e-01
   1.52146142e-02   5.97118000e-01
   1.68929861e-02   5.96934000e-01
   3.33066156e-03   5.96511000e-01
   4.55217869e-03   5.97188000e-01
   1.74809892e-02   5.97761000e-01
   3.47361998e-03   5.97131000e-01
   2.20198614e-03   5.96686000e-01
   9.18083327e-03   5.97182000e-01
   1.25429096e-02   5.96220000e-01
   4.86591835e-03   5.96439000e-01
   7.60351785e-03   5.96675000e-01
   1.17251160e-02   5.97002000e-01
   4.63346244e-03   5.97470000e-01
   4.79236869e-03   5.96258000e-01
   1.19440861e-03   5.96470000e-01
   7.67343560e-03   5.96639000e-01
   1.12811171e-02   5.96849000e-01
   6.29392067e-03   5.96427000e-01
   6.40720966e-03   5.97371000e-01
   7.04324653e-03   5.97315000e-01
   2.99593712e-02   5.97189000e-01
   8.84643332e-03   5.96751000e-01
   3.79896822e-02   5.97528000e-01
   6.91564938e-03   5.96853000e-01
   3.47126695e-03   5.96660000e-01
   2.42486388e-02   5.97368000e-01
   7.78479901e-03   5.96755000e-01
   3.20303914e-03   5.96955000e-01
   7.04131943e-03   5.96911000e-01
   1.25738038e-02   5.97098000e-01
   9.01750956e-03   5.96935000e-01
   7.18127705e-03   5.97565000e-01
   5.91947748e-03   5.96441000e-01
   2.27920264e-02   5.97087000e-01
   3.15538538e-03   5.97346000e-01
   9.87562102e-03   5.97265000e-01
   9.41732444e-03   5.96581000e-01
   7.23868882e-03   5.96394000e-01
   2.52653473e-02   5.97933000e-01
   2.24158569e-02   5.97285000e-01
   2.13876198e-02   5.97486000e-01
   1.06637917e-02   5.97072000e-01
   8.84768555e-03   5.96618000e-01
   1.05875409e-02   5.96899000e-01
   5.62687377e-03   5.96580000e-01
   1.21518233e-02   5.97179000e-01
   9.80101110e-03   5.96600000e-01
   1.52029382e-02   5.96770000e-01
   1.14153227e-02   5.96879000e-01
   6.01342339e-03   5.96285000e-01
   2.83341958e-03   5.96336000e-01
   9.11976124e-04   5.96664000e-01
   2.37115848e-02   5.96484000e-01
   1.31165215e-02   5.97085000e-01
   5.50450681e-03   5.97404000e-01
   1.05317320e-03   5.97317000e-01
   5.13438844e-03   5.97289000e-01
   1.18388487e-02   5.96825000e-01
   1.59602453e-02   5.97107000e-01
   2.49576180e-03   5.96747000e-01
   7.90085358e-03   5.96862000e-01
   2.63495051e-02   5.98001000e-01
   1.38033066e-02   5.96123000e-01
   3.90371470e-03   5.96704000e-01
   7.10999075e-03   5.96177000e-01
   7.92614985e-03   5.96519000e-01
   8.98853173e-03   5.97335000e-01
   3.66155075e-03   5.97007000e-01
   1.26553467e-02   5.97063000e-01
   1.69685133e-02   5.96753000e-01
   8.94733191e-03   5.96583000e-01
   4.63669728e-03   5.97147000e-01
   7.59428458e-03   5.97084000e-01
   8.83813632e-03   5.96813000e-01
   1.12059633e-02   5.97556000e-01
   2.11482914e-02   5.96702000e-01
   1.02667826e-02   5.96532000e-01
   1.15331687e-02   5.97042000e-01
   8.76258398e-03   5.96548000e-01
   2.56482446e-02   5.97618000e-01
   6.80028027e-03   5.96514000e-01
   9.65024482e-03   5.97569000e-01
   6.65538256e-03   5.96533000e-01
   1.65584442e-02   5.97237000e-01
   5.58973009e-03   5.97480000e-01
   2.08395396e-02   5.97123000e-01
   1.75973894e-02   5.97128000e-01
   9.83134124e-03   5.97189000e-01
   8.70333703e-03   5.97209000e-01
   1.11382999e-02   5.97524000e-01
   1.73417543e-02   5.97056000e-01
   1.15254690e-02   5.97160000e-01
   2.78108250e-02   5.96811000e-01
   1.19062790e-02   5.96960000e-01
   1.05222072e-02   5.96385000e-01
   1.01714648e-02   5.96990000e-01
   1.55414190e-02   5.97368000e-01
   1.81737831e-02   5.96130000e-01
   1.46989110e-03   5.97677000e-01
   7.84696299e-03   5.96812000e-01
   1.12029376e-02   5.97334000e-01
   2.16087225e-02   5.96927000e-01
   9.85691585e-03   5.97009000e-01
   4.31014697e-03   5.96504000e-01
   3.33262585e-02   5.97379000e-01
   8.80055630e-03   5.96910000e-01
   1.19004617e-02   5.96692000e-01
   1.06773299e-02   5.96891000e-01
   7.78349899e-04   5.97127000e-01
   4.42448247e-03   5.96848000e-01
   1.12457341e-02   5.96969000e-01
   1.09395478e-02   5.97931000e-01
   2.19087807e-02   5.97632000e-01
   3.37523003e-03   5.96744000e-01
   2.10857140e-02   5.96196000e-01
   1.10984979e-02   5.97492000e-01
   8.00102000e-03   5.96956000e-01
   1.99137964e-02   5.97112000e-01
   6.99958945e-03   5.96444000e-01
   8.48885019e-03   5.97204000e-01
   5.00742234e-03   5.96780000e-01
   1.10585627e-02   5.97202000e-01
   6.05882079e-03   5.96807000e-01
   1.06485641e-02   5.97165000e-01
   6.46472702e-03   5.96954000e-01
   8.62252775e-03   5.96944000e-01
   8.99012943e-03   5.97444000e-01
   3.65213622e-03   5.96667000e-01
   2.16830982e-03   5.96697000e-01
   2.03008517e-02   5.97110000e-01
   9.73041654e-03   5.97254000e-01
   4.01705463e-02   5.96412000e-01
   2.11499503e-03   5.96109000e-01
   3.28843114e-03   5.96784000e-01
   2.08456191e-02   5.97179000e-01
   3.63369278e-03   5.96977000e-01
   9.96332472e-03   5.96949000e-01
   6.75060852e-03   5.97340000e-01
   9.92561051e-03   5.96315000e-01
   2.52913906e-02   5.96699000e-01
   4.87761371e-03   5.96256000e-01
   5.68009381e-03   5.96497000e-01
   3.02824658e-02   5.97107000e-01
   1.11016979e-02   5.97202000e-01
   1.64170830e-02   5.97162000e-01
   1.21880684e-02   5.97487000e-01
   5.29068772e-03   5.96997000e-01
   1.32427767e-02   5.96289000e-01
   8.96310102e-03   5.97414000e-01
   1.06072844e-02   5.96873000e-01
   2.75404049e-03   5.97047000e-01
   2.55757027e-02   5.97217000e-01
   4.64501738e-03   5.96840000e-01
   7.38991568e-03   5.97342000e-01
   1.14241334e-02   5.96680000e-01
   1.99335612e-02   5.96889000e-01
   1.12759401e-02   5.97322000e-01
   2.11889832e-03   5.97215000e-01
   5.42496666e-03   5.96769000e-01
   1.39019419e-02   5.96833000e-01
   1.05425842e-02   5.97154000e-01
   8.71469250e-03   5.96675000e-01
   2.13615649e-02   5.97063000e-01
   1.56342290e-03   5.96822000e-01
   5.99161588e-03   5.96429000e-01
   2.85422935e-02   5.97387000e-01
   1.46986617e-02   5.96797000e-01
   1.20201534e-02   5.96631000e-01
   6.34507818e-03   5.96709000e-01
   2.68962298e-02   5.96832000e-01
   1.34848800e-02   5.96331000e-01
   2.09224296e-02   5.96841000e-01
   6.46342154e-03   5.96333000e-01
   3.02966311e-03   5.96716000e-01
   6.99214514e-03   5.96751000e-01
   8.52669799e-03   5.96867000e-01
   1.29854590e-02   5.97286000e-01
   6.78844384e-03   5.96946000e-01
   1.27723522e-03   5.96944000e-01
   1.73728165e-02   5.96504000e-01
   6.69379005e-03   5.97042000e-01
   1.17730781e-02   5.97257000e-01
   6.11774485e-03   5.97570000e-01
   1.36066999e-02   5.96708000e-01
   3.99779344e-03   5.97167000e-01
   7.20700255e-03   5.97317000e-01
   4.32296434e-03   5.96692000e-01
   1.13041198e-02   5.96681000e-01
   2.55235690e-02   5.97389000e-01
   1.12160036e-02   5.96638000e-01
   1.84199442e-02   5.98215000e-01
   3.30844391e-03   5.96805000e-01
   1.82587111e-02   5.97522000e-01
   1.89918678e-02   5.96690000e-01
   3.26346752e-03   5.96422000e-01
   1.79684751e-02   5.96870000e-01
   1.23397991e-02   5.97136000e-01
   8.39728009e-03   5.96912000e-01
   2.88622161e-02   5.96709000e-01
   6.59797127e-03   5.97193000e-01
   1.13498556e-02   5.96746000e-01
   1.05202065e-02   5.96781000e-01
   8.30040449e-03   5.97171000e-01
   2.14858379e-02   5.96983000e-01
   1.25851084e-02   5.96698000e-01
   1.27695284e-02   5.97223000e-01
   1.82342379e-02   5.97371000e-01
   8.13071718e-03   5.96033000e-01
   5.11444081e-03   5.97134000e-01
   1.04219425e-02   5.97747000e-01
   6.77249528e-03   5.97134000e-01
   1.87920298e-02   5.97648000e-01
   7.35112307e-03   5.97114000e-01
   1.16835818e-02   5.96175000e-01
   1.58273676e-02   5.97667000e-01
   9.27602013e-03   5.97795000e-01
   2.27938198e-03   5.97539000e-01
   3.13547669e-02   5.97506000e-01
   5.26653883e-03   5.96551000e-01
   4.79906852e-03   5.96518000e-01
   2.35981297e-03   5.96721000e-01
   1.57740820e-02   5.97138000e-01
   8.38959918e-03   5.96769000e-01
   6.79559808e-03   5.96937000e-01
   1.58928587e-02   5.96433000e-01
   3.91624189e-03   5.96877000e-01
   9.73138315e-03   5.96735000e-01
   7.42925230e-03   5.96822000e-01
   1.69121617e-02   5.97890000e-01
   1.55455807e-02   5.97150000e-01
   2.54665911e-03   5.97250000e-01
   3.42672415e-03   5.96315000e-01
   6.67835154e-03   5.96546000e-01
   1.01755931e-02   5.97191000e-01
   7.97687597e-03   5.96540000e-01
   8.94254937e-03   5.96944000e-01
   6.38005336e-03   5.96691000e-01
   2.23409221e-02   5.97167000e-01
   1.09993753e-02   5.97003000e-01
   2.81561452e-03   5.96886000e-01
   5.89889529e-03   5.96326000e-01
   8.28292176e-03   5.97339000e-01
   7.35245039e-03   5.96782000e-01
   9.26747946e-03   5.97384000e-01
   3.00942020e-03   5.96534000e-01
   1.49451685e-02   5.96771000e-01
   6.94558868e-03   5.96818000e-01
   1.31114960e-02   5.96540000e-01
   7.34070869e-03   5.96473000e-01
   2.73062944e-02   5.97044000e-01
   1.02399366e-02   5.96705000e-01
   4.10524601e-03   5.96009000e-01
   1.54320903e-02   5.96996000e-01
   3.76643976e-03   5.96334000e-01
   7.83670044e-03   5.97059000e-01
   2.04214974e-02   5.97147000e-01
   2.32503926e-03   5.96379000e-01
   2.94464329e-03   5.96987000e-01
   1.35889025e-02   5.96902000e-01
   5.97604410e-03   5.96427000e-01
   3.57969730e-03   5.97169000e-01
   3.84908580e-03   5.97053000e-01
   2.37835007e-03   5.97295000e-01
   7.49074092e-03   5.96687000e-01
   1.37440681e-02   5.97107000e-01
   1.08271390e-02   5.96392000e-01
   1.54570853e-02   5.97261000e-01
   2.60293117e-02   5.96942000e-01
   2.08207804e-03   5.96721000e-01
   7.21797488e-03   5.97423000e-01
   2.13274349e-02   5.96875000e-01
   6.81827726e-03   5.96636000e-01
   1.08137742e-02   5.96951000e-01
   9.28272122e-03   5.97241000e-01
   1.74122409e-02   5.96812000e-01
   1.07778022e-02   5.97399000e-01
   8.01306300e-03   5.96285000e-01
   1.70711393e-02   5.96406000e-01
   1.52500950e-02   5.96224000e-01
   1.06626967e-02   5.96643000e-01
   7.02079412e-03   5.97003000e-01
   6.11874142e-03   5.96757000e-01
   7.55250638e-03   5.97014000e-01
   1.27442597e-02   5.96925000e-01
   3.69827120e-04   5.96624000e-01
   4.83544650e-03   5.96963000e-01
   1.01625069e-02   5.97446000e-01
   1.10876270e-02   5.96688000e-01
   1.69976103e-02   5.97581000e-01
   1.27383093e-02   5.97205000e-01
   2.38209497e-02   5.96543000e-01
   1.68974880e-02   5.96891000e-01
   2.96516308e-02   5.97259000e-01
   2.20491991e-02   5.96668000e-01
   8.99275989e-03   5.96646000e-01
   3.85098892e-03   5.97326000e-01
   1.78236458e-02   5.96866000e-01
   1.53574043e-02   5.96600000e-01
   1.14382683e-02   5.97960000e-01
   7.62358222e-03   5.98157000e-01
   2.79139354e-02   5.96518000e-01
   1.37211305e-02   5.97067000e-01
   7.50096944e-03   5.97086000e-01
   1.03976372e-02   5.96230000e-01
   1.35213555e-02   5.96543000e-01
   3.11320767e-03   5.96403000e-01
   8.89041300e-03   5.96691000e-01
   6.79860628e-03   5.96461000e-01
   1.21097352e-02   5.95970000e-01
   2.95579004e-03   5.97022000e-01
   2.98207181e-02   5.96932000e-01
   1.30170535e-02   5.96685000e-01
   1.68625113e-02   5.95912000e-01
   8.56224805e-03   5.97290000e-01
   6.20868416e-03   5.96836000e-01
   1.31666091e-02   5.97166000e-01
   3.83249347e-03   5.97215000e-01
   1.01215610e-02   5.97262000e-01
   1.64003780e-02   5.97342000e-01
   1.59946628e-02   5.96732000e-01
   2.00029378e-02   5.96587000e-01
   8.42573146e-03   5.96592000e-01
   9.15560685e-03   5.97116000e-01
   1.63209664e-02   5.97526000e-01
   1.81381279e-02   5.97131000e-01
   1.39889016e-02   5.96934000e-01
   1.18398175e-02   5.96783000e-01
   1.93261095e-02   5.97376000e-01
   4.03760940e-03   5.96339000e-01
   1.28463448e-02   5.96890000e-01
   1.11983710e-02   5.96732000e-01
   9.62121248e-03   5.96586000e-01
   2.99426798e-02   5.97117000e-01
   2.46920253e-02   5.97455000e-01
   9.25240228e-03   5.97063000e-01
   2.65422845e-03   5.97291000e-01
   2.05155929e-03   5.96461000e-01
   4.10668318e-03   5.97191000e-01
   4.73563844e-04   5.96792000e-01
   1.61437309e-02   5.97271000e-01
   9.73698787e-03   5.97020000e-01
   1.18262692e-03   5.97132000e-01
   5.45535590e-03   5.97219000e-01
   6.44296955e-03   5.96837000e-01
   1.66670821e-02   5.96695000e-01
   3.04964603e-03   5.96445000e-01
   1.70264839e-02   5.97443000e-01
   1.37601330e-02   5.96699000e-01
   1.07025880e-02   5.96738000e-01
   2.10285045e-03   5.97274000e-01
   9.42484789e-03   5.97594000e-01
   1.71937407e-02   5.98014000e-01
   2.54912204e-02   5.97025000e-01
   3.35704455e-03   5.96445000e-01
   1.25032791e-02   5.96598000e-01
   1.05412565e-02   5.97085000e-01
   1.51052337e-02   5.97283000e-01
   1.01402110e-02   5.96910000e-01
   9.94934245e-03   5.97625000e-01
   2.76343329e-03   5.96737000e-01
   1.38232367e-03   5.96964000e-01
   9.29136765e-03   5.96798000e-01
   9.41027183e-03   5.97078000e-01
   2.35608585e-02   5.96597000e-01
   2.23356158e-03   5.97899000e-01
   3.93311500e-03   5.96997000e-01
   1.06849708e-02   5.96467000e-01
   1.33888875e-02   5.96963000e-01
   4.58052605e-03   5.96796000e-01
   1.51699100e-02   5.97513000e-01
   9.66918067e-03   5.97057000e-01
   4.37056019e-03   5.97350000e-01
   2.21545750e-02   5.97414000e-01
   2.40487793e-02   5.96947000e-01
   5.84364643e-03   5.96473000e-01
   2.24725752e-02   5.97088000e-01
   2.41171123e-04   5.96954000e-01
   1.86472534e-02   5.97421000e-01
   1.93643924e-02   5.97645000e-01
   1.45010894e-02   5.96467000e-01
   1.14876303e-02   5.96444000e-01
   5.14347112e-03   5.96866000e-01
   8.21295312e-03   5.96690000e-01
   5.09607583e-03   5.96959000e-01
   3.96180647e-03   5.96544000e-01
   1.99153647e-02   5.96936000e-01
   3.45173039e-02   5.97588000e-01
   4.30513310e-03   5.97139000e-01
   7.75299975e-03   5.96847000e-01
   6.79151067e-03   5.96799000e-01
   6.57131247e-03   5.97434000e-01
   2.91611675e-02   5.96855000e-01
   1.37025899e-02   5.97207000e-01
   2.74816748e-03   5.96681000e-01
   9.93546303e-03   5.97420000e-01
   2.76187110e-02   5.97413000e-01
   1.77411439e-02   5.96421000e-01
   8.09593810e-03   5.96794000e-01
   4.77780175e-03   5.96678000e-01
   7.91771588e-03   5.97006000e-01
   3.05623000e-03   5.97287000e-01
   9.17627601e-03   5.96989000e-01
   1.01345741e-02   5.96913000e-01
   1.80780551e-02   5.96211000e-01
   1.22912738e-02   5.97269000e-01
   5.39610908e-03   5.96650000e-01
   1.33861198e-02   5.97466000e-01
   3.49765780e-03   5.96799000e-01
   9.79714060e-03   5.97345000e-01
   8.99161357e-03   5.97135000e-01
   2.11318637e-02   5.97630000e-01
   1.38490100e-02   5.97409000e-01
   7.89857835e-03   5.96748000e-01
   7.07991052e-03   5.97176000e-01
   1.23735757e-02   5.97017000e-01
   7.86291319e-03   5.97043000e-01
   2.81372000e-03   5.96327000e-01
   5.93329380e-03   5.97246000e-01
   2.76806919e-02   5.97309000e-01
   8.33979283e-03   5.97114000e-01
   1.60376850e-02   5.97212000e-01
   7.33229561e-03   5.97345000e-01
   3.16206793e-02   5.97436000e-01
   1.02043183e-02   5.96224000e-01
   5.55204877e-03   5.97394000e-01
   1.13697870e-02   5.97573000e-01
   5.85776206e-03   5.97186000e-01
   5.67063047e-03   5.97298000e-01
   1.33486040e-02   5.96600000e-01
   1.50446034e-02   5.97284000e-01
   8.91343941e-03   5.96963000e-01
   7.29113345e-03   5.96651000e-01
   3.38341557e-03   5.96796000e-01
   9.33994259e-03   5.97106000e-01
   2.18024610e-02   5.97205000e-01
   1.21741918e-02   5.96976000e-01
   1.68901076e-02   5.96974000e-01
   1.47861002e-02   5.97011000e-01
   1.30686839e-02   5.96625000e-01
   2.39709020e-02   5.97633000e-01
   1.14933911e-02   5.97010000e-01
   8.74125417e-03   5.96775000e-01
   1.27193167e-02   5.96951000e-01
   5.09640486e-03   5.97124000e-01
   1.98145432e-02   5.96802000e-01
   1.15523580e-02   5.95968000e-01
   4.63484381e-03   5.96617000e-01
   5.08910153e-03   5.96462000e-01
   1.22945440e-02   5.96750000e-01
   8.00791183e-03   5.96260000e-01
   5.31622837e-03   5.96633000e-01
   1.79895003e-02   5.96443000e-01
   3.60665463e-03   5.97227000e-01
   1.36160411e-02   5.96401000e-01
   1.08562467e-02   5.97001000e-01
   1.51210803e-02   5.96779000e-01
   1.12363332e-02   5.97201000e-01
   2.29449516e-02   5.97293000e-01
   8.98511957e-03   5.96337000e-01
   9.05420945e-03   5.97337000e-01
   1.26074414e-03   5.97264000e-01
   4.48352108e-03   5.97389000e-01
   8.33891859e-03   5.97646000e-01
   1.52796924e-02   5.97431000e-01
   7.71961129e-03   5.97514000e-01
   9.10208645e-03   5.96880000e-01
   4.65407009e-03   5.96517000e-01
   1.09569570e-02   5.97275000e-01
   6.12282510e-03   5.96861000e-01
   1.05993383e-02   5.96744000e-01
   1.10763131e-02   5.96133000e-01
   7.64564750e-03   5.96689000e-01
   5.62284264e-03   5.96065000e-01
   1.28110542e-02   5.97578000e-01
   7.32976678e-03   5.97144000e-01
   3.46596692e-03   5.97115000e-01
   4.52478117e-03   5.96816000e-01
   7.98817562e-03   5.97221000e-01
   2.79063897e-03   5.96626000e-01
   9.39986747e-03   5.97514000e-01
   9.67845605e-03   5.96894000e-01
   7.80319914e-03   5.96548000e-01
   2.53120453e-02   5.97326000e-01
   8.96051135e-03   5.97038000e-01
   8.57314416e-03   5.97532000e-01
   2.48736808e-02   5.96765000e-01
   5.98598710e-03   5.96569000e-01
   1.87381688e-02   5.96426000e-01
   1.20443189e-02   5.96817000e-01
   6.72060413e-03   5.96808000e-01
   1.33329486e-02   5.97200000e-01
   6.08610142e-03   5.97290000e-01
   8.48379077e-03   5.97020000e-01
   1.80968455e-02   5.97017000e-01
   3.46484330e-03   5.97124000e-01
   1.26287694e-02   5.96903000e-01
   8.50064820e-03   5.97030000e-01
   1.16526549e-02   5.96099000e-01
   1.17674837e-02   5.96008000e-01
   1.73230435e-02   5.97145000e-01
   1.90169078e-02   5.96977000e-01
   2.00916842e-02   5.96899000e-01
   6.70970594e-03   5.97015000e-01
   1.07488942e-02   5.96862000e-01
   3.47033297e-02   5.96655000e-01
   1.18771651e-02   5.97291000e-01
   2.55257698e-03   5.96635000e-01
   5.52644630e-03   5.96208000e-01
   8.95422937e-03   5.96738000e-01
   1.62028614e-03   5.97252000e-01
   1.85230738e-02   5.97295000e-01
   7.08595303e-03   5.96773000e-01
   5.31183002e-03   5.96588000e-01
   1.50951993e-02   5.97061000e-01
   6.67450685e-04   5.97536000e-01
   7.41494312e-04   5.97295000e-01
   8.76364741e-03   5.96646000e-01
   1.11039293e-02   5.96704000e-01
   1.06481915e-02   5.97063000e-01
   1.84343974e-02   5.96963000e-01
   5.82696260e-03   5.96769000e-01
   1.71907094e-02   5.96950000e-01
   6.85194140e-03   5.97098000e-01
   7.63674928e-03   5.97269000e-01
   1.78925819e-02   5.97531000e-01
   4.17593788e-03   5.96673000e-01
   6.72367330e-03   5.96824000e-01
   9.54626812e-03   5.97372000e-01
   1.00665105e-02   5.97225000e-01
   1.15274843e-02   5.96987000e-01
   1.24439912e-03   5.97635000e-01
   1.03828202e-02   5.96832000e-01
   1.16606378e-02   5.96741000e-01
   1.55018735e-02   5.97228000e-01
   1.11296734e-02   5.97145000e-01
   1.14847643e-02   5.97396000e-01
   7.85452832e-03   5.97191000e-01
   9.92907199e-03   5.97339000e-01
   1.79176348e-02   5.97722000e-01
   4.30077676e-03   5.96657000e-01
   1.03693638e-02   5.97971000e-01
   1.23591994e-02   5.97106000e-01
   4.37084213e-03   5.97166000e-01
   2.09190273e-02   5.96934000e-01
   1.03025334e-02   5.96784000e-01
   1.08329031e-02   5.96447000e-01
   6.47249303e-03   5.97138000e-01
   8.72645262e-03   5.96629000e-01
   2.41001031e-03   5.96641000e-01
   8.93889113e-03   5.96779000e-01
   3.49609529e-03   5.97317000e-01
   9.36455649e-03   5.97636000e-01
   1.60127350e-02   5.97066000e-01
   1.32959677e-02   5.97405000e-01
   1.12459844e-02   5.96775000e-01
   7.74814612e-03   5.96475000e-01
   1.76204676e-02   5.96928000e-01
   8.64296805e-03   5.97687000e-01
   7.76097951e-03   5.96729000e-01
   9.35116067e-03   5.96626000e-01
   1.82586649e-02   5.96920000e-01
   3.54493544e-03   5.97116000e-01
   7.75903143e-03   5.97056000e-01
   1.65736703e-02   5.97848000e-01
   1.20526696e-02   5.97460000e-01
   6.30252156e-03   5.96773000e-01
   1.41892735e-02   5.96784000e-01
   1.36624407e-02   5.96694000e-01
   4.15346156e-03   5.96995000e-01
   7.50374321e-03   5.97962000e-01
   4.81362483e-03   5.96726000e-01
   2.65177683e-03   5.97706000e-01
   1.87591485e-02   5.96768000e-01
   1.15487938e-02   5.97178000e-01
   2.67718265e-02   5.98249000e-01
   8.59780401e-03   5.96843000e-01
   1.46292454e-02   5.96800000e-01
   1.23413972e-03   5.98089000e-01
   7.06696487e-03   5.97358000e-01
   3.67423270e-02   5.97489000e-01
   4.85662574e-03   5.96901000e-01
   1.48721694e-02   5.96615000e-01
   2.30478711e-02   5.96981000e-01
   7.56577025e-03   5.96417000e-01
   5.34733734e-03   5.96900000e-01
   1.42956076e-03   5.96764000e-01
   1.18997678e-02   5.97145000e-01
   1.05712694e-02   5.96409000e-01
   2.12315597e-03   5.97077000e-01
   7.58665488e-03   5.97240000e-01
   1.32902145e-02   5.96908000e-01
   6.72887694e-03   5.96852000e-01
   4.11210290e-03   5.96560000e-01
   1.27639120e-02   5.97807000e-01
   1.49915815e-02   5.96757000e-01
   7.55655999e-03   5.96778000e-01
   2.94201150e-02   5.97510000e-01
   2.56647988e-02   5.97348000e-01
   6.16541739e-03   5.97182000e-01
   1.46309025e-02   5.96997000e-01
   1.10788233e-02   5.97320000e-01
   2.43653083e-02   5.96880000e-01
   8.05148163e-05   5.97156000e-01
   1.07084156e-02   5.96949000e-01
   3.33120176e-03   5.97174000e-01
   6.70399742e-03   5.97046000e-01
   8.44836904e-03   5.97557000e-01
   2.01870066e-02   5.96731000e-01
   3.36242338e-03   5.97159000e-01
   8.47394663e-03   5.97444000e-01
   6.12556489e-03   5.96476000e-01
   6.69270221e-03   5.97500000e-01
   5.41913325e-03   5.97063000e-01
   8.05185185e-03   5.96640000e-01
   5.33612022e-03   5.97227000e-01
   6.10681892e-03   5.97088000e-01
   3.70519462e-03   5.96878000e-01
   2.77421597e-02   5.96703000e-01
   5.02898238e-03   5.96825000e-01
   1.98422370e-02   5.97155000e-01
   7.82821295e-03   5.96348000e-01
   1.03168349e-02   5.96274000e-01
   7.04228566e-03   5.96886000e-01
   1.40121266e-02   5.96464000e-01
   4.93681092e-03   5.97101000e-01
   5.43061763e-03   5.96944000e-01
   5.82123552e-03   5.96790000e-01
   1.28545933e-02   5.96474000e-01
   2.14834371e-02   5.96880000e-01
   1.07452995e-02   5.97153000e-01
   1.10686753e-02   5.97048000e-01
   1.39418547e-02   5.96468000e-01
   2.94388270e-02   5.97337000e-01
   5.39783450e-03   5.96835000e-01
   9.06164688e-03   5.96749000e-01
   7.59026149e-03   5.96585000e-01
   1.29137576e-02   5.95868000e-01
