#          |P|               []
   3.22967561e-02   5.82813000e-01
   1.47653886e-02   5.90228000e-01
   2.92859326e-02   5.88486000e-01
   4.71502102e-02   5.85667000e-01
   1.80874440e-02   5.85443000e-01
   2.84280929e-02   5.87192000e-01
   3.95429932e-02   5.84441000e-01
   1.47071743e-02   5.85967000e-01
   3.05563885e-02   5.83977000e-01
   2.81243046e-02   5.89241000e-01
   3.97093922e-02   5.88850000e-01
   1.21113353e-02   5.87318000e-01
   8.63840881e-03   5.81840000e-01
   2.96095418e-02   5.85213000e-01
   1.94659835e-02   5.89463000e-01
   2.97069702e-02   5.86628000e-01
   4.20732101e-02   5.84588000e-01
   3.43596394e-02   5.86975000e-01
   1.78621921e-02   5.87736000e-01
   7.57349495e-03   5.84583000e-01
   3.50304880e-02   5.81571000e-01
   3.79345040e-02   5.85697000e-01
   1.94991023e-02   5.85730000e-01
   1.91838731e-02   5.89310000e-01
   2.41596472e-02   5.84090000e-01
   2.45129419e-02   5.85447000e-01
   3.45759365e-02   5.86788000e-01
   5.50761715e-02   5.84700000e-01
   1.23104205e-02   5.86998000e-01
   4.92092314e-02   5.87485000e-01
   1.20795926e-02   5.89312000e-01
   7.54231059e-03   5.83884000e-01
   9.76673054e-03   5.82449000e-01
   2.99600347e-02   5.85859000e-01
   2.14624382e-02   5.85193000e-01
   4.52153127e-02   5.90154000e-01
   4.51458570e-02   5.84825000e-01
   2.84774778e-02   5.86005000e-01
   2.57315911e-02   5.84095000e-01
   2.44548822e-02   5.84578000e-01
   3.20530217e-02   5.87644000e-01
   4.40283295e-02   5.85930000e-01
   1.10548040e-02   5.86672000e-01
   2.56689300e-02   5.82128000e-01
   3.30560378e-02   5.87970000e-01
   1.38359932e-02   5.87202000e-01
   1.65310777e-02   5.88281000e-01
   3.05166012e-02   5.83589000e-01
   2.15319056e-02   5.89119000e-01
   2.51394133e-02   5.81395000e-01
   1.57349020e-02   5.85731000e-01
   1.80509769e-02   5.83600000e-01
   2.93504862e-02   5.90573000e-01
   2.78561627e-03   5.88223000e-01
   4.64168203e-02   5.83124000e-01
   7.99580354e-03   5.81951000e-01
   2.15992132e-02   5.87745000e-01
   2.63579589e-02   5.85522000e-01
   2.02829201e-02   5.84276000e-01
   3.71102212e-02   5.88786000e-01
   2.45479779e-02   5.86219000e-01
   4.15871783e-02   5.89442000e-01
   3.52714934e-02   5.84717000e-01
   1.58771403e-02   5.83075000e-01
   6.61748426e-02   5.85721000e-01
   2.48992258e-02   5.89249000e-01
   2.92066112e-02   5.85202000e-01
   2.98848783e-02   5.82334000e-01
   5.53131548e-03   5.84437000e-01
   4.59346376e-02   5.82712000e-01
   2.47159134e-02   5.86781000e-01
   3.51590354e-02   5.82999000e-01
   4.69440066e-02   5.86583000e-01
   1.04825670e-02   5.86921000e-01
   3.76061213e-02   5.84885000e-01
   4.07241158e-02   5.88202000e-01
   2.76164498e-02   5.84142000e-01
   8.43100691e-03   5.84777000e-01
   3.87813830e-02   5.85748000e-01
   4.32779095e-02   5.85836000e-01
   1.21881166e-02   5.87058000e-01
   1.71331788e-02   5.88194000e-01
   3.43267715e-02   5.83308000e-01
   6.37301045e-03   5.86223000e-01
   2.46145087e-02   5.83140000e-01
   3.58149891e-02   5.86263000e-01
   3.35401066e-02   5.87149000e-01
   1.30374536e-02   5.85882000e-01
   3.79065141e-02   5.86229000e-01
   1.67734785e-02   5.86777000e-01
   4.76943509e-02   5.85347000e-01
   3.72324635e-02   5.84441000e-01
   1.46608977e-02   5.87634000e-01
   3.36515111e-02   5.91370000e-01
   4.34702449e-02   5.85045000e-01
   1.94028161e-02   5.88358000e-01
   4.96775189e-02   5.86589000e-01
   1.46923134e-02   5.88560000e-01
   2.43511945e-02   5.87186000e-01
   6.49263054e-03   5.84401000e-01
   2.20580101e-02   5.84767000e-01
   2.70555500e-02   5.85009000e-01
   3.69171528e-02   5.83945000e-01
   7.79926435e-03   5.86295000e-01
   2.64359920e-02   5.83719000e-01
   3.45471037e-02   5.82327000e-01
   2.59690800e-02   5.89041000e-01
   2.98933434e-02   5.85750000e-01
   1.98856386e-02   5.85120000e-01
   3.75908274e-02   5.86272000e-01
   7.22692870e-02   5.84106000e-01
   3.67603506e-02   5.85317000e-01
   5.18601103e-03   5.87653000e-01
   2.96828878e-02   5.88416000e-01
   2.75241594e-02   5.83449000e-01
   2.13298411e-02   5.88666000e-01
   3.90755868e-02   5.90048000e-01
   1.04774028e-02   5.83256000e-01
   2.89991739e-02   5.87085000e-01
   2.91846228e-02   5.86359000e-01
   1.40747001e-02   5.82690000e-01
   6.91847870e-02   5.87536000e-01
   9.76564072e-03   5.86691000e-01
   2.24993735e-02   5.83693000e-01
   4.73643018e-02   5.84435000e-01
   3.56409623e-02   5.86992000e-01
   7.72786953e-02   5.88770000e-01
   2.68352130e-02   5.85133000e-01
   2.08239245e-02   5.84813000e-01
   4.56518319e-03   5.84429000e-01
   9.79017119e-03   5.87913000e-01
   4.88284271e-02   5.88413000e-01
   1.83277098e-02   5.85611000e-01
   4.18189019e-02   5.83653000e-01
   1.11761993e-02   5.84724000e-01
   1.87335317e-02   5.84291000e-01
   2.72882565e-02   5.87486000e-01
   2.18430667e-02   5.86022000e-01
   3.58534035e-02   5.83118000e-01
   1.94196362e-02   5.86783000e-01
   5.82391434e-02   5.83794000e-01
   8.24605568e-03   5.85752000e-01
   1.84160624e-02   5.81180000e-01
   4.17231385e-02   5.88619000e-01
   3.05857543e-02   5.84686000e-01
   1.62045167e-02   5.85926000e-01
   2.40210037e-02   5.84942000e-01
   1.06697013e-02   5.80863000e-01
   2.92992973e-02   5.86952000e-01
   1.31888921e-02   5.86704000e-01
   1.94157146e-02   5.86631000e-01
   3.02949669e-02   5.89295000e-01
   3.43722518e-02   5.83219000e-01
   3.35573090e-02   5.88085000e-01
   3.74061801e-02   5.85191000e-01
   5.85030641e-02   5.88962000e-01
   4.60637865e-02   5.84593000e-01
   3.18127457e-02   5.85820000e-01
   2.95393718e-02   5.88772000e-01
   3.92337279e-02   5.85882000e-01
   3.49780434e-02   5.84212000e-01
   4.48602304e-02   5.86632000e-01
   3.54967064e-03   5.85379000e-01
   9.30540659e-03   5.89102000e-01
   4.91293080e-02   5.87147000e-01
   3.61059405e-02   5.85331000e-01
   2.86035338e-02   5.86723000e-01
   8.20101462e-03   5.83630000e-01
   3.39734340e-02   5.88219000e-01
   3.09255521e-02   5.89672000e-01
   1.61736192e-02   5.80302000e-01
   3.40228109e-02   5.80384000e-01
   2.06125116e-02   5.85130000e-01
   1.27052900e-02   5.84840000e-01
   1.34434650e-02   5.83008000e-01
   2.25939924e-02   5.85821000e-01
   2.19682605e-02   5.83724000e-01
   2.33153029e-02   5.84615000e-01
   1.98473389e-02   5.86481000e-01
   1.36731213e-02   5.89601000e-01
   3.58616048e-03   5.84715000e-01
   6.59136179e-03   5.88303000e-01
   5.42363984e-02   5.86183000e-01
   2.41371555e-02   5.83693000e-01
   3.69635988e-02   5.87327000e-01
   2.82631625e-02   5.84817000e-01
   2.65377062e-02   5.83616000e-01
   2.17989986e-02   5.83681000e-01
   5.12587916e-02   5.86096000e-01
   4.19205629e-02   5.87597000e-01
   1.48506732e-02   5.87829000e-01
   2.66259022e-02   5.80561000e-01
   3.48348607e-02   5.88440000e-01
   2.32305899e-02   5.88056000e-01
   3.22338967e-02   5.87208000e-01
   6.59592474e-02   5.89056000e-01
   8.70990559e-03   5.86915000e-01
   3.85472532e-02   5.83851000e-01
   2.07982770e-02   5.85781000e-01
   3.16456084e-02   5.87179000e-01
   2.24712827e-02   5.84895000e-01
   2.63185934e-02   5.84998000e-01
   2.09830045e-02   5.84141000e-01
   2.01601709e-02   5.85837000e-01
   2.62966724e-02   5.81729000e-01
   3.16505275e-02   5.84557000e-01
   1.44278071e-02   5.88168000e-01
   1.46311652e-02   5.85769000e-01
   1.74298261e-02   5.85560000e-01
   2.74798755e-02   5.88085000e-01
   1.60004434e-02   5.85779000e-01
   5.66043126e-02   5.83835000e-01
   4.46125324e-02   5.84611000e-01
   7.99722418e-03   5.86578000e-01
   1.47118926e-02   5.83297000e-01
   2.84394840e-02   5.86951000e-01
   3.29603142e-02   5.89345000e-01
   1.60670534e-02   5.83671000e-01
   3.39059141e-02   5.88420000e-01
   1.25557715e-02   5.85494000e-01
   6.15034300e-03   5.84495000e-01
   2.29718099e-02   5.87537000e-01
   1.49786115e-02   5.86770000e-01
   2.18418946e-02   5.86520000e-01
   2.85425053e-02   5.89336000e-01
   2.34266406e-02   5.88082000e-01
   3.48025631e-02   5.83285000e-01
   3.87171145e-02   5.88153000e-01
   3.17245824e-02   5.85700000e-01
   1.97973290e-02   5.85015000e-01
   1.89404094e-02   5.86187000e-01
   1.90094196e-02   5.78162000e-01
   9.07486722e-03   5.85859000e-01
   1.70421354e-02   5.83388000e-01
   3.30480566e-02   5.85597000e-01
   3.19850542e-02   5.87815000e-01
   1.10711293e-02   5.84923000e-01
   1.87905502e-02   5.83328000e-01
   1.51327154e-02   5.79707000e-01
   2.24284674e-02   5.84331000e-01
   2.42393456e-02   5.88985000e-01
   3.94829431e-02   5.84311000e-01
   2.87635279e-02   5.88456000e-01
   3.00450267e-02   5.86373000e-01
   1.31774196e-02   5.88551000e-01
   2.27832113e-02   5.83152000e-01
   2.68267819e-02   5.86788000e-01
   1.92806965e-02   5.84417000e-01
   1.23932557e-02   5.83497000e-01
   2.21488143e-02   5.88196000e-01
   1.57929757e-02   5.82560000e-01
   2.22636721e-02   5.88009000e-01
   4.57189972e-02   5.83548000e-01
   1.85463617e-02   5.83613000e-01
   4.21827869e-02   5.80928000e-01
   7.00338024e-03   5.84157000e-01
   4.32776812e-02   5.85890000e-01
   1.09128559e-02   5.85070000e-01
   2.92167280e-02   5.84881000e-01
   1.43792668e-02   5.89029000e-01
   2.39656106e-02   5.84976000e-01
   5.92411965e-02   5.85803000e-01
   1.73349173e-02   5.86262000e-01
   2.51805586e-02   5.87744000e-01
   1.54038010e-02   5.86374000e-01
   3.39846783e-02   5.85461000e-01
   3.96364416e-02   5.84404000e-01
   1.45261495e-02   5.88859000e-01
   1.43498711e-02   5.84975000e-01
   5.39852045e-02   5.89697000e-01
   1.77782825e-02   5.85226000e-01
   2.70396654e-02   5.85648000e-01
   9.73979187e-03   5.84785000e-01
   3.68594674e-02   5.86684000e-01
   2.34827665e-02   5.85886000e-01
   1.55683486e-02   5.86112000e-01
   2.55281797e-02   5.84204000e-01
   3.06827278e-02   5.86151000e-01
   1.24517927e-02   5.90156000e-01
   2.46171627e-02   5.88187000e-01
   4.55907514e-02   5.87964000e-01
   2.48661104e-02   5.85849000e-01
   7.04331244e-03   5.87949000e-01
   2.55517761e-02   5.86992000e-01
   2.62954888e-02   5.85530000e-01
   1.14835528e-02   5.87203000e-01
   7.44953623e-03   5.81421000e-01
   2.98528422e-02   5.84476000e-01
   2.61001732e-02   5.83164000e-01
   2.40658938e-02   5.87055000e-01
   3.47893616e-02   5.85718000e-01
   2.51884573e-02   5.88562000e-01
   1.54420120e-02   5.86435000e-01
   1.43270048e-02   5.84728000e-01
   2.51632739e-03   5.81075000e-01
   2.28477193e-02   5.88869000e-01
   2.80665028e-02   5.84369000e-01
   3.13013411e-02   5.87880000e-01
   2.81619563e-02   5.85205000e-01
   2.58370801e-02   5.84733000e-01
   3.34920196e-02   5.86387000e-01
   1.55162910e-02   5.84642000e-01
   4.54367265e-02   5.86283000e-01
   4.36045170e-02   5.87051000e-01
   1.47296055e-02   5.87168000e-01
   1.13066492e-02   5.88906000e-01
   1.74245045e-02   5.85065000e-01
   4.80946566e-02   5.85827000e-01
   1.10427546e-02   5.87213000e-01
   2.90347974e-02   5.82256000e-01
   2.37116683e-02   5.88164000e-01
   5.36486495e-02   5.86583000e-01
   3.31536324e-02   5.82484000e-01
   5.67846602e-03   5.86640000e-01
   1.83583558e-02   5.86263000e-01
   3.42091517e-02   5.85355000e-01
   3.32721231e-02   5.80200000e-01
   2.73082687e-02   5.87281000e-01
   3.35089152e-02   5.86271000e-01
   4.68398064e-03   5.84371000e-01
   1.03570161e-02   5.85806000e-01
   2.68414348e-02   5.81730000e-01
   3.53692515e-02   5.85479000e-01
   4.22036092e-02   5.86302000e-01
   5.02472706e-02   5.81850000e-01
   1.59585551e-02   5.80103000e-01
   4.03857822e-02   5.82092000e-01
   3.31060605e-02   5.83106000e-01
   3.33252604e-02   5.90322000e-01
   2.45515886e-02   5.87603000e-01
   1.97834944e-02   5.87315000e-01
   2.36016705e-03   5.85317000e-01
   2.21873660e-02   5.81915000e-01
   3.38764086e-02   5.86448000e-01
   2.64662953e-02   5.83249000e-01
   2.07449187e-02   5.86535000e-01
   3.77934373e-02   5.83732000e-01
   1.11652269e-02   5.83632000e-01
   2.67952947e-02   5.84278000e-01
   4.00637560e-02   5.88157000e-01
   5.68286519e-02   5.88574000e-01
   2.02916653e-02   5.84926000e-01
   2.68290230e-02   5.86582000e-01
   3.52157510e-02   5.84421000e-01
   1.24166763e-02   5.87670000e-01
   2.70391097e-02   5.87489000e-01
   2.62758037e-02   5.85176000e-01
   2.68061329e-02   5.87208000e-01
   3.01683564e-02   5.86758000e-01
   3.07853187e-02   5.81976000e-01
   1.51548954e-02   5.82044000e-01
   1.52517190e-02   5.80783000e-01
   2.76231312e-02   5.86735000e-01
   3.95820547e-02   5.85662000e-01
   3.83213006e-02   5.86926000e-01
   2.14545637e-02   5.87755000e-01
   3.12455589e-02   5.84813000e-01
   3.44220167e-02   5.84026000e-01
   2.51950802e-02   5.83517000e-01
   6.15601107e-02   5.86915000e-01
   5.02729013e-02   5.84866000e-01
   3.21361809e-02   5.89184000e-01
   2.34145867e-02   5.84494000e-01
   3.45091862e-02   5.85036000e-01
   5.21189222e-02   5.87193000e-01
   9.15211794e-03   5.89662000e-01
   4.09788501e-02   5.88611000e-01
   1.31906006e-02   5.85512000e-01
   1.22924735e-02   5.83708000e-01
   2.57474556e-02   5.82843000e-01
   2.11535748e-02   5.83782000e-01
   1.74656354e-02   5.87619000e-01
   1.68687052e-02   5.86376000e-01
   1.99008362e-02   5.82863000e-01
   2.12754892e-02   5.83592000e-01
   4.47721478e-02   5.88863000e-01
   3.47116865e-02   5.83272000e-01
   1.12920367e-02   5.85062000e-01
   6.23420346e-03   5.90177000e-01
   3.94673369e-02   5.86507000e-01
   1.27406321e-02   5.85073000e-01
   1.12488952e-02   5.88123000e-01
   1.43076379e-02   5.83422000e-01
   5.47774068e-02   5.86311000e-01
   4.52140761e-03   5.85694000e-01
   2.46196112e-02   5.87472000e-01
   1.43615368e-02   5.85562000e-01
   5.02317811e-02   5.83038000e-01
   1.62907730e-02   5.79541000e-01
   5.64357630e-02   5.84862000e-01
   2.01279855e-02   5.82942000e-01
   2.51709011e-02   5.87447000e-01
   3.61076945e-02   5.84371000e-01
   2.19495036e-02   5.84926000e-01
   7.25741276e-02   5.88799000e-01
   3.85919573e-02   5.87748000e-01
   1.53090143e-02   5.80943000e-01
   2.95397283e-02   5.85240000e-01
   1.35885644e-02   5.84382000e-01
   3.03491139e-02   5.84702000e-01
   4.22268600e-02   5.85644000e-01
   4.60112387e-02   5.87403000e-01
   1.96691471e-02   5.79903000e-01
   1.64039306e-02   5.81523000e-01
   1.66345396e-02   5.84915000e-01
   8.57754458e-03   5.90124000e-01
   6.55319625e-02   5.85104000e-01
   4.05647663e-02   5.84904000e-01
   1.98300094e-02   5.86458000e-01
   3.94512844e-02   5.85141000e-01
   2.48175763e-02   5.88678000e-01
   3.38320272e-02   5.92706000e-01
   2.84214846e-02   5.84676000e-01
   4.36345767e-02   5.86499000e-01
   2.67147356e-02   5.87909000e-01
   2.89738940e-02   5.84710000e-01
   2.70877383e-02   5.81582000e-01
   5.33659855e-03   5.84090000e-01
   2.50105876e-02   5.85693000e-01
   2.60076088e-02   5.84609000e-01
   2.63916503e-02   5.83112000e-01
   3.33233700e-02   5.90531000e-01
   6.74565076e-03   5.82498000e-01
   2.10815270e-02   5.86421000e-01
   2.11706849e-02   5.85077000e-01
   3.03883412e-02   5.87541000e-01
   9.80899623e-03   5.85859000e-01
   2.52838499e-02   5.84046000e-01
   3.01615801e-02   5.85165000e-01
   1.90664830e-02   5.83503000e-01
   4.00393309e-02   5.83403000e-01
   1.84373271e-02   5.86294000e-01
   1.46494503e-02   5.84711000e-01
   3.99738790e-02   5.83334000e-01
   1.94861683e-02   5.84594000e-01
   1.93768309e-02   5.87779000e-01
   2.67103257e-02   5.86954000e-01
   1.21374370e-02   5.81861000e-01
   2.35454202e-02   5.87253000e-01
   1.95848872e-02   5.84824000e-01
   2.20253250e-02   5.83900000e-01
   3.18760933e-02   5.83557000e-01
   1.11114614e-02   5.83252000e-01
   2.31114302e-02   5.85154000e-01
   4.42947543e-02   5.86053000e-01
   2.80327766e-02   5.84645000e-01
   4.72547087e-02   5.85587000e-01
   2.79616459e-02   5.87529000e-01
   3.05923208e-02   5.83062000e-01
   2.87682780e-02   5.87159000e-01
   9.90226448e-03   5.87165000e-01
   1.68231442e-02   5.85325000e-01
   4.67410628e-02   5.87812000e-01
   2.21714840e-02   5.82822000e-01
   1.98727213e-02   5.80612000e-01
   3.45097818e-02   5.87904000e-01
   1.52127499e-02   5.84432000e-01
   2.11716356e-02   5.82057000e-01
   1.29505709e-02   5.86747000e-01
   2.36912914e-02   5.84068000e-01
   3.86694296e-02   5.83077000e-01
   4.70924339e-02   5.85411000e-01
   4.13875615e-02   5.85198000e-01
   2.46185285e-02   5.84782000e-01
   3.30807532e-02   5.89559000e-01
   3.09541471e-02   5.85174000e-01
   1.13162488e-02   5.87554000e-01
   5.93887240e-02   5.82975000e-01
   4.19084716e-02   5.88474000e-01
   2.21722406e-02   5.85254000e-01
   9.89046977e-03   5.80767000e-01
   1.00454707e-02   5.85560000e-01
   4.67662228e-02   5.87610000e-01
   5.92082577e-03   5.85869000e-01
   3.31342662e-03   5.82402000e-01
   2.83037617e-02   5.85555000e-01
   3.95630330e-02   5.86355000e-01
   2.04236077e-02   5.85899000e-01
   1.86187631e-02   5.84065000e-01
   2.05137001e-02   5.87962000e-01
   4.07446924e-02   5.85496000e-01
   3.77194940e-03   5.84571000e-01
   3.03546098e-02   5.86220000e-01
   6.73941708e-02   5.87126000e-01
   1.07008281e-02   5.87245000e-01
   2.36454401e-02   5.85769000e-01
   1.89585684e-02   5.88037000e-01
   3.17114273e-02   5.86987000e-01
   3.19973137e-02   5.87376000e-01
   1.78486843e-02   5.86835000e-01
   4.32777363e-02   5.90049000e-01
   1.24064621e-02   5.81287000e-01
   2.79175650e-02   5.83227000e-01
   3.36522902e-02   5.85762000e-01
   3.23969205e-02   5.85061000e-01
   3.25588039e-02   5.85502000e-01
   3.38723393e-02   5.84806000e-01
   2.81762377e-02   5.82706000e-01
   2.88822591e-02   5.85973000e-01
   1.07632171e-02   5.86471000e-01
   7.11342183e-03   5.86954000e-01
   2.26153945e-02   5.86701000e-01
   3.29167504e-02   5.84451000e-01
   4.78927010e-02   5.84879000e-01
   1.42592198e-02   5.88328000e-01
   1.49355881e-02   5.84323000e-01
   4.97858795e-02   5.87861000e-01
   2.30121321e-02   5.83244000e-01
   2.70603233e-02   5.83918000e-01
   1.70041146e-02   5.80040000e-01
   2.67326325e-02   5.86506000e-01
   2.59570038e-02   5.81773000e-01
   1.76570633e-02   5.84810000e-01
   1.95301117e-02   5.84385000e-01
   1.48917172e-02   5.85458000e-01
   6.04161581e-03   5.86003000e-01
   1.29793208e-02   5.85579000e-01
   2.98280105e-02   5.85670000e-01
   6.97690302e-02   5.85216000e-01
   8.27143425e-03   5.85073000e-01
   1.61605869e-02   5.84936000e-01
   2.71186289e-02   5.87268000e-01
   8.18502152e-03   5.86021000e-01
   4.64550911e-02   5.89408000e-01
   2.05093201e-02   5.91371000e-01
   1.42588285e-02   5.83027000e-01
   3.66336814e-02   5.83655000e-01
   2.20091210e-02   5.85950000e-01
   1.11761821e-02   5.85569000e-01
   1.29836095e-02   5.84459000e-01
   3.49941743e-02   5.87236000e-01
   1.54771681e-02   5.82342000e-01
   7.24822802e-03   5.85773000e-01
   1.61500309e-02   5.86695000e-01
   2.03650041e-02   5.89281000e-01
   2.34107459e-02   5.86279000e-01
   9.79210403e-03   5.85652000e-01
   3.47228433e-02   5.85357000e-01
   2.16430969e-02   5.81222000e-01
   4.65924929e-02   5.89271000e-01
   2.13521682e-02   5.81480000e-01
   2.54900302e-02   5.87881000e-01
   2.20186821e-02   5.87075000e-01
   4.38245375e-02   5.86478000e-01
   1.88015616e-02   5.86273000e-01
   3.92164391e-02   5.85597000e-01
   5.48027650e-02   5.85483000e-01
   2.28099553e-02   5.88922000e-01
   1.11739171e-02   5.87907000e-01
   5.92916819e-02   5.87579000e-01
   3.33186119e-02   5.83418000e-01
   2.45742785e-02   5.87119000e-01
   2.55257011e-02   5.82521000e-01
   2.61103866e-02   5.85512000e-01
   6.51948030e-02   5.86955000e-01
   4.76154362e-02   5.86396000e-01
   1.76572704e-02   5.83650000e-01
   4.27807441e-02   5.88327000e-01
   1.25989485e-02   5.81928000e-01
   3.25272300e-02   5.85410000e-01
   4.31450913e-02   5.85599000e-01
   4.26819134e-02   5.86404000e-01
   3.83546420e-02   5.84462000e-01
   3.40573454e-02   5.88182000e-01
   2.04355157e-02   5.86585000e-01
   3.71806960e-02   5.86078000e-01
   3.61347705e-02   5.86910000e-01
   3.34278519e-02   5.85961000e-01
   1.36475394e-02   5.84947000e-01
   3.11496700e-02   5.84160000e-01
   1.98924857e-02   5.85526000e-01
   2.06104472e-02   5.84929000e-01
   2.32898310e-02   5.86683000e-01
   2.71241793e-02   5.87425000e-01
   2.10182505e-02   5.87033000e-01
   3.56523703e-02   5.86428000e-01
   3.45534525e-02   5.86617000e-01
   3.08303751e-02   5.85756000e-01
   3.43651921e-02   5.88519000e-01
   2.60867156e-02   5.84901000e-01
   1.31471369e-02   5.82946000e-01
   4.89102533e-02   5.85405000e-01
   2.60120198e-02   5.79355000e-01
   3.17887410e-02   5.81004000e-01
   2.65036243e-02   5.88360000e-01
   1.91511352e-02   5.81178000e-01
   3.79710505e-02   5.86350000e-01
   1.00215323e-02   5.85914000e-01
   1.76797801e-02   5.83195000e-01
   2.59465368e-02   5.88186000e-01
   3.05854331e-02   5.87055000e-01
   2.19311344e-02   5.80100000e-01
   1.85423120e-02   5.81842000e-01
   6.40131777e-02   5.82954000e-01
   2.34410611e-02   5.87620000e-01
   2.89994237e-02   5.85601000e-01
   1.69219617e-02   5.85262000e-01
   1.56794604e-02   5.85580000e-01
   3.11534951e-02   5.86016000e-01
   1.56635216e-02   5.87138000e-01
   1.34215946e-02   5.84313000e-01
   1.50248520e-02   5.82038000e-01
   3.19069657e-02   5.81903000e-01
   3.88687519e-02   5.85709000e-01
   4.48972321e-02   5.87823000e-01
   5.67159705e-02   5.85993000e-01
   1.09060807e-02   5.87033000e-01
   4.91140351e-02   5.89298000e-01
   2.18918857e-02   5.86971000e-01
   4.61645636e-03   5.84732000e-01
   2.54391055e-02   5.85397000e-01
   9.93595314e-03   5.80909000e-01
   2.20396504e-02   5.87352000e-01
   1.96289214e-02   5.79192000e-01
   3.90794983e-02   5.86661000e-01
   3.27921164e-02   5.89013000e-01
   4.89011003e-02   5.88919000e-01
   1.59744718e-02   5.85274000e-01
   6.08653192e-02   5.85297000e-01
   3.46747198e-02   5.88392000e-01
   3.39230320e-02   5.85792000e-01
   2.11264306e-02   5.87889000e-01
   9.42555804e-03   5.90748000e-01
   3.15782592e-02   5.89638000e-01
   1.04845347e-02   5.84280000e-01
   1.21614328e-02   5.80843000e-01
   1.97730558e-02   5.81781000e-01
   2.04782982e-02   5.88247000e-01
   3.93623749e-02   5.85183000e-01
   4.67190873e-02   5.86204000e-01
   6.01063951e-02   5.89136000e-01
   3.28347167e-02   5.87021000e-01
   1.94093997e-02   5.91517000e-01
   2.45430057e-02   5.81628000e-01
   3.21853243e-02   5.89315000e-01
   1.83772031e-02   5.82455000e-01
   1.92945435e-02   5.83566000e-01
   2.02645769e-02   5.87745000e-01
   2.52321423e-02   5.84528000e-01
   7.82483252e-03   5.79038000e-01
   2.59161364e-02   5.83328000e-01
   2.11997731e-02   5.85762000e-01
   3.87924639e-02   5.87955000e-01
   5.71827151e-02   5.84095000e-01
   2.65421558e-02   5.83202000e-01
   2.43173984e-02   5.83838000e-01
   4.20903085e-02   5.83820000e-01
   4.42696337e-02   5.86845000e-01
   3.68470346e-02   5.89040000e-01
   3.20546710e-02   5.88406000e-01
   4.92639802e-02   5.85458000e-01
   9.88411810e-03   5.86102000e-01
   2.55376404e-02   5.85079000e-01
   6.51656759e-02   5.85016000e-01
   1.54147398e-02   5.82778000e-01
   4.46379969e-02   5.86928000e-01
   2.82237550e-02   5.85094000e-01
   3.05215019e-02   5.86447000e-01
   2.38438316e-02   5.86044000e-01
   4.76160997e-03   5.88361000e-01
   1.92315583e-02   5.89692000e-01
   3.98469948e-02   5.85031000e-01
   5.43907327e-02   5.86728000e-01
   3.60821827e-02   5.82419000e-01
   3.03671722e-03   5.85216000e-01
   2.28230515e-02   5.83978000e-01
   2.80819463e-02   5.85405000e-01
   3.86850131e-02   5.83851000e-01
   1.22501058e-02   5.82286000e-01
   3.09920579e-02   5.82590000e-01
   2.82624959e-02   5.86213000e-01
   4.15024390e-02   5.87715000e-01
   1.75581282e-02   5.84340000e-01
   1.39274867e-02   5.87304000e-01
   1.90014882e-02   5.87930000e-01
   2.89475636e-02   5.84073000e-01
   1.44524760e-02   5.85954000e-01
   3.84095763e-02   5.81567000e-01
   8.51626572e-03   5.80195000e-01
   9.82114696e-03   5.83967000e-01
   4.95896397e-02   5.84553000e-01
   2.31500899e-02   5.84285000e-01
   2.43150799e-02   5.86619000e-01
   4.01216935e-02   5.86838000e-01
   2.39223992e-02   5.89894000e-01
   4.91424667e-02   5.86295000e-01
   1.72276038e-02   5.87182000e-01
   4.61159746e-02   5.85036000e-01
   1.57866795e-02   5.89390000e-01
   2.20468484e-02   5.85787000e-01
   3.90269974e-02   5.87038000e-01
   2.45584161e-02   5.82383000e-01
   4.05662815e-02   5.85901000e-01
   5.59412432e-03   5.87320000e-01
   8.57932088e-03   5.86460000e-01
   3.76469077e-02   5.86910000e-01
   1.35215152e-02   5.86614000e-01
   1.92619120e-02   5.85451000e-01
   7.18571054e-03   5.83640000e-01
   4.41308669e-02   5.86098000e-01
   2.07237165e-02   5.89747000e-01
   4.99117622e-02   5.83505000e-01
   3.79103256e-02   5.88653000e-01
   4.17113068e-02   5.87086000e-01
   4.91270696e-02   5.84560000e-01
   3.86937048e-02   5.86652000e-01
   1.42140711e-02   5.82675000e-01
   3.76531109e-02   5.85628000e-01
   1.25571768e-02   5.83783000e-01
   2.40869947e-02   5.83329000e-01
   5.06232729e-02   5.85484000e-01
   2.98029024e-02   5.90238000e-01
   5.68638371e-02   5.90446000e-01
   3.43231425e-02   5.81728000e-01
   5.24815121e-03   5.86164000e-01
   1.94439401e-02   5.82387000e-01
   4.07599549e-02   5.85936000e-01
   3.98622320e-03   5.84306000e-01
   2.83522916e-02   5.83855000e-01
   1.36149239e-02   5.85287000e-01
   3.09628492e-02   5.85764000e-01
   2.06294323e-02   5.85212000e-01
   1.56779502e-02   5.86132000e-01
   3.15537746e-02   5.87562000e-01
   2.30167201e-02   5.86516000e-01
   7.34948129e-03   5.89806000e-01
   2.26623294e-02   5.87228000e-01
   5.45514957e-03   5.84743000e-01
   1.04782810e-02   5.87077000e-01
   1.40362221e-03   5.86560000e-01
   8.97596451e-03   5.85039000e-01
   2.14813469e-03   5.88543000e-01
   8.98237470e-03   5.87809000e-01
   5.80720083e-02   5.86897000e-01
   3.38780688e-03   5.87613000e-01
   3.26627673e-02   5.86178000e-01
   3.54496605e-02   5.85226000e-01
   2.74536511e-02   5.86981000e-01
   3.31499246e-02   5.86614000e-01
   1.68422093e-02   5.88240000e-01
   2.08714011e-02   5.82805000e-01
   8.29200258e-03   5.83584000e-01
   2.45535845e-02   5.81196000e-01
   4.19077532e-02   5.88277000e-01
   3.71030194e-03   5.88981000e-01
   1.54897568e-02   5.85365000e-01
   9.85016894e-03   5.81192000e-01
   4.69203528e-02   5.88433000e-01
   2.24477773e-02   5.85377000e-01
   4.48998497e-02   5.85263000e-01
   7.75837685e-03   5.86483000e-01
   2.04948781e-02   5.84978000e-01
   5.06365634e-02   5.86507000e-01
   1.90111820e-02   5.87411000e-01
   3.25405228e-02   5.90716000e-01
   2.60881607e-02   5.83717000e-01
   2.52809392e-02   5.84053000e-01
   2.66347124e-02   5.90192000e-01
   1.47462015e-02   5.83485000e-01
   2.20241326e-02   5.85101000e-01
   3.85771367e-02   5.85661000e-01
   5.59336802e-02   5.83569000e-01
   1.02785364e-02   5.87413000e-01
   1.55054977e-02   5.87501000e-01
   3.04871846e-02   5.85231000e-01
   1.82969234e-02   5.86746000e-01
   3.34752282e-02   5.87915000e-01
   1.06514061e-02   5.82441000e-01
   3.44105272e-02   5.83151000e-01
   2.21744831e-02   5.86095000e-01
   4.68147656e-02   5.83471000e-01
   2.87583200e-02   5.86169000e-01
   1.19613497e-02   5.86527000e-01
   3.35173979e-02   5.87529000e-01
   3.47579211e-02   5.88894000e-01
   1.51779864e-02   5.88417000e-01
   1.45685822e-02   5.83524000e-01
   1.78910169e-02   5.86591000e-01
   3.10576814e-03   5.84516000e-01
   1.49428810e-02   5.89967000e-01
   8.77000187e-03   5.84481000e-01
   2.80921606e-02   5.88520000e-01
   1.49825960e-02   5.84450000e-01
   5.72726824e-02   5.84617000e-01
   1.86498352e-02   5.82761000e-01
   2.85117600e-02   5.84534000e-01
   1.79398163e-02   5.84431000e-01
   1.48766198e-02   5.84503000e-01
   1.14812640e-02   5.83184000e-01
   3.73631082e-02   5.86821000e-01
   1.93581983e-02   5.84598000e-01
   2.05606533e-02   5.84586000e-01
   1.16388795e-02   5.87612000e-01
   2.48467352e-02   5.86409000e-01
   1.27501683e-02   5.86307000e-01
   1.24054561e-02   5.84345000e-01
   3.59919809e-02   5.87991000e-01
   2.06486596e-02   5.88818000e-01
   2.66003453e-02   5.84882000e-01
   1.66746514e-02   5.84690000e-01
   2.71747952e-02   5.85321000e-01
   1.42250827e-02   5.89267000e-01
   1.97788544e-02   5.89167000e-01
   3.87431571e-02   5.85709000e-01
   2.33995634e-02   5.86963000e-01
   9.21753871e-03   5.86359000e-01
   1.01088633e-02   5.85535000e-01
   2.38577722e-02   5.86919000e-01
   1.90693775e-02   5.87655000e-01
   1.62090218e-02   5.81503000e-01
   4.62074962e-02   5.81404000e-01
   3.04512596e-02   5.83838000e-01
   2.55871538e-02   5.86650000e-01
   3.16141939e-02   5.86907000e-01
   2.65392972e-02   5.84015000e-01
   2.06091629e-02   5.86225000e-01
   4.50996133e-02   5.84380000e-01
   3.17463056e-02   5.87928000e-01
   7.82192961e-03   5.88329000e-01
   1.46914540e-02   5.82281000e-01
   1.43675577e-02   5.81878000e-01
   2.64699723e-02   5.86738000e-01
   3.42784450e-02   5.88559000e-01
   3.32470985e-02   5.84984000e-01
   3.46333527e-02   5.82512000e-01
   1.83196417e-02   5.85375000e-01
   5.24287593e-02   5.86861000e-01
   2.45995095e-02   5.86662000e-01
   2.73555621e-02   5.85879000e-01
   5.86676062e-02   5.87712000e-01
   5.21366580e-03   5.87578000e-01
   4.90593768e-02   5.86392000e-01
   7.07082321e-03   5.89580000e-01
   3.33051833e-02   5.87322000e-01
   6.45515451e-02   5.85384000e-01
   6.92051242e-03   5.88176000e-01
   4.14322231e-02   5.84553000e-01
   1.97898699e-02   5.86353000e-01
   1.26196938e-02   5.86491000e-01
   1.43115764e-02   5.84375000e-01
   5.23225615e-02   5.85782000e-01
   2.84431138e-02   5.81771000e-01
   2.03723924e-02   5.86088000e-01
   4.08647621e-02   5.80392000e-01
   2.12516954e-02   5.83460000e-01
   3.01372350e-02   5.82887000e-01
   3.26919427e-02   5.88068000e-01
   5.27648057e-02   5.89657000e-01
   5.03821205e-02   5.86479000e-01
   4.73284641e-02   5.86696000e-01
   3.36795583e-02   5.87299000e-01
   2.33316448e-02   5.84696000e-01
   2.00785232e-02   5.85491000e-01
   4.92269948e-02   5.88523000e-01
   3.44099269e-02   5.84140000e-01
   4.00121838e-02   5.87016000e-01
   1.37383161e-02   5.88769000e-01
   4.43208180e-02   5.87883000e-01
   2.65914176e-02   5.82652000e-01
   3.68817795e-02   5.84860000e-01
   1.17581969e-02   5.88466000e-01
   5.93061680e-02   5.83132000e-01
   1.68986421e-02   5.87388000e-01
   1.42341148e-02   5.85613000e-01
   1.64467117e-02   5.88340000e-01
   7.07497740e-03   5.86659000e-01
   4.69957256e-03   5.87418000e-01
   1.84776422e-02   5.87664000e-01
   5.38634698e-02   5.85665000e-01
   1.53900964e-02   5.85140000e-01
   2.27989761e-02   5.86956000e-01
   1.23402150e-02   5.85882000e-01
   2.58417379e-02   5.86651000e-01
   3.55396062e-02   5.87827000e-01
   3.81524337e-02   5.82328000e-01
   1.35004752e-02   5.88461000e-01
   3.99190963e-02   5.81702000e-01
   2.01381068e-02   5.86683000e-01
   1.49874248e-02   5.83714000e-01
   2.35066894e-02   5.85292000e-01
   4.94618242e-02   5.88101000e-01
   6.71550646e-03   5.83163000e-01
   2.54588679e-02   5.88349000e-01
   1.01734098e-02   5.85674000e-01
   2.13304067e-02   5.90575000e-01
   2.73539362e-02   5.89256000e-01
   1.04940950e-02   5.83834000e-01
   5.70223121e-02   5.90757000e-01
   3.59964953e-02   5.83550000e-01
   3.92503361e-02   5.89089000e-01
   1.56217712e-02   5.85431000e-01
   3.65281394e-02   5.86505000e-01
   7.13445537e-03   5.80469000e-01
   4.12162433e-02   5.86322000e-01
   5.63335782e-02   5.86500000e-01
   1.60317640e-02   5.86571000e-01
   1.26800100e-02   5.82769000e-01
   7.37501651e-02   5.88773000e-01
   2.53440616e-02   5.87101000e-01
   2.96078676e-02   5.83889000e-01
   1.38007328e-02   5.86598000e-01
   3.99132942e-02   5.83251000e-01
   1.41592088e-02   5.83529000e-01
   2.84988941e-02   5.81881000e-01
   2.18010737e-02   5.85675000e-01
   2.99759782e-02   5.83230000e-01
   1.70387577e-02   5.85488000e-01
   1.31428968e-02   5.89284000e-01
   2.27941959e-02   5.85999000e-01
   6.98983028e-03   5.86623000e-01
   2.98173051e-02   5.87250000e-01
   1.21764010e-02   5.86984000e-01
   2.77101506e-02   5.83734000e-01
   2.71781109e-02   5.86372000e-01
   6.10521623e-03   5.84792000e-01
   2.20438028e-02   5.82834000e-01
   2.51869286e-02   5.84025000e-01
   3.55856936e-02   5.85462000e-01
   3.74447343e-03   5.84182000e-01
   2.96889801e-02   5.88078000e-01
   4.85440570e-02   5.83205000e-01
   3.39320257e-02   5.85042000e-01
   2.32281262e-03   5.85718000e-01
   1.90911373e-02   5.88502000e-01
   4.51049101e-02   5.86714000e-01
   1.40853544e-02   5.86450000e-01
   2.50136958e-02   5.86314000e-01
   5.28927785e-02   5.88981000e-01
   1.53579985e-02   5.86548000e-01
   1.50447843e-02   5.86371000e-01
   1.28496317e-02   5.87060000e-01
   2.25201477e-02   5.85310000e-01
   3.92539754e-02   5.85675000e-01
   6.26856214e-02   5.88391000e-01
   1.04435459e-02   5.87265000e-01
   1.79686056e-02   5.84118000e-01
   1.51950662e-02   5.85819000e-01
   3.98470291e-02   5.89061000e-01
   3.24535511e-02   5.91705000e-01
   3.02752978e-02   5.82441000e-01
   3.47741432e-02   5.82389000e-01
   2.70195800e-02   5.87203000e-01
   1.35498888e-02   5.83347000e-01
   3.76595336e-03   5.86118000e-01
   1.68746313e-02   5.84109000e-01
   3.64474965e-02   5.86605000e-01
   1.62082397e-02   5.84041000e-01
   2.50857211e-02   5.86833000e-01
   2.04706743e-02   5.81992000e-01
   1.21625548e-02   5.85237000e-01
   1.32661646e-02   5.85251000e-01
   1.46230414e-02   5.84736000e-01
   2.15735969e-02   5.88420000e-01
   1.59734295e-02   5.86406000e-01
   2.47488825e-02   5.89824000e-01
   2.61743129e-02   5.85811000e-01
   3.83791984e-02   5.84316000e-01
   1.51357263e-02   5.87854000e-01
   1.36249217e-02   5.84802000e-01
   1.19414395e-02   5.86321000e-01
   4.77518055e-02   5.83857000e-01
   2.97759195e-02   5.84138000e-01
   3.26003998e-02   5.84317000e-01
   1.40599935e-02   5.85435000e-01
   9.34550607e-03   5.86836000e-01
   9.96022817e-03   5.81449000e-01
   1.92298832e-02   5.85112000e-01
   1.22208664e-02   5.87584000e-01
   2.29177981e-02   5.84296000e-01
   3.14981997e-02   5.81171000e-01
   1.27160365e-02   5.83461000e-01
   2.96144911e-02   5.85734000e-01
   2.17527329e-02   5.87508000e-01
   6.04988893e-02   5.87324000e-01
   5.01023262e-02   5.89757000e-01
   5.88334473e-02   5.87106000e-01
   4.50037295e-03   5.82614000e-01
   1.00350961e-02   5.89989000e-01
   1.15154216e-02   5.83061000e-01
   1.05663027e-02   5.86110000e-01
   3.84928079e-02   5.82527000e-01
   3.28455750e-02   5.89906000e-01
   2.15114600e-02   5.83840000e-01
   3.01245314e-02   5.85168000e-01
   1.52291310e-02   5.86860000e-01
   4.44329878e-02   5.87920000e-01
   3.96927086e-02   5.84711000e-01
   2.30550367e-02   5.86280000e-01
   8.81920769e-03   5.86212000e-01
   1.67115947e-02   5.84602000e-01
   2.68796706e-02   5.82828000e-01
   2.37925268e-02   5.87955000e-01
   1.90125320e-02   5.86661000e-01
   8.98485494e-04   5.86096000e-01
   2.80144267e-02   5.84535000e-01
   2.38851026e-02   5.84787000e-01
   7.17979511e-03   5.84651000e-01
   2.83026056e-02   5.85685000e-01
   5.27928566e-02   5.89624000e-01
   2.88182173e-02   5.87562000e-01
