#          |P|               []
   6.68839831e-02   5.88279000e-01
   3.84709115e-02   5.91076000e-01
   2.25592529e-02   5.94753000e-01
   3.19132206e-02   5.92830000e-01
   2.21512480e-02   5.87706000e-01
   2.99069897e-02   5.91604000e-01
   3.11554651e-02   5.90244000e-01
   3.01909725e-02   5.92310000e-01
   5.51766787e-02   5.91630000e-01
   3.35758811e-02   5.89531000e-01
   1.72173326e-03   5.93151000e-01
   2.57813367e-02   5.93016000e-01
   1.71602050e-02   5.93454000e-01
   1.73774873e-02   5.92336000e-01
   4.25505962e-02   5.93759000e-01
   6.93092558e-02   5.89697000e-01
   4.36331924e-02   5.92583000e-01
   2.58872697e-02   5.91542000e-01
   4.26446578e-02   5.96605000e-01
   2.86876926e-02   5.90096000e-01
   5.02671630e-02   5.90490000e-01
   4.15421723e-02   5.92502000e-01
   2.41605220e-02   5.91196000e-01
   2.76672293e-03   5.93926000e-01
   3.26194135e-02   5.90837000e-01
   2.30119850e-02   5.92278000e-01
   1.87832535e-02   5.94863000e-01
   3.42945031e-02   5.90227000e-01
   2.04871220e-02   5.91315000e-01
   2.00452925e-02   5.91387000e-01
   2.44952530e-02   5.95494000e-01
   3.79799584e-02   5.86792000e-01
   1.97107783e-02   5.93400000e-01
   2.69582835e-02   5.89211000e-01
   2.13257218e-02   5.92069000e-01
   2.86837757e-02   5.94059000e-01
   3.89948438e-02   5.90780000e-01
   2.50297244e-02   5.90754000e-01
   2.97314234e-02   5.92034000e-01
   3.63228334e-02   5.95413000e-01
   1.57675979e-02   5.94382000e-01
   4.26307284e-02   5.91840000e-01
   5.35985703e-02   5.94470000e-01
   1.40627847e-02   5.90956000e-01
   4.63546165e-02   5.89252000e-01
   4.29492024e-02   5.94200000e-01
   2.53323080e-02   5.93673000e-01
   1.63744971e-02   5.93448000e-01
   2.73015669e-02   5.92735000e-01
   9.12390101e-03   5.91016000e-01
   1.99085477e-02   5.91072000e-01
   5.00619202e-02   5.91691000e-01
   1.07869277e-02   5.93290000e-01
   3.52598305e-02   5.93828000e-01
   3.69645057e-02   5.89437000e-01
   1.37145517e-02   5.93699000e-01
   8.73864561e-03   5.92984000e-01
   1.30471426e-02   5.89152000e-01
   2.61619744e-02   5.86725000e-01
   3.99952811e-02   5.97365000e-01
   3.45643109e-02   5.90308000e-01
   3.20230012e-02   5.92015000e-01
   2.86797379e-02   5.88799000e-01
   3.78898271e-02   5.88901000e-01
   2.27620123e-02   5.89352000e-01
   2.83648953e-02   5.94593000e-01
   1.24173957e-02   5.91247000e-01
   2.85716451e-02   5.90417000e-01
   3.86017210e-02   5.94101000e-01
   6.62181777e-02   5.90586000e-01
   6.58668104e-02   5.94072000e-01
   3.51581682e-02   5.91373000e-01
   4.16481260e-02   5.92694000e-01
   3.92126919e-02   5.88611000e-01
   1.39832308e-02   5.88127000e-01
   1.59013798e-02   5.92098000e-01
   7.50920409e-03   5.89857000e-01
   1.23605768e-02   5.90605000e-01
   3.54217057e-02   5.92274000e-01
   3.76761389e-02   5.87868000e-01
   1.51121049e-02   5.88155000e-01
   3.81129092e-02   5.95846000e-01
   1.12734432e-02   5.94515000e-01
   2.01166467e-02   5.89854000e-01
   1.50657811e-02   5.89072000e-01
   2.00804443e-02   5.89407000e-01
   5.04071635e-02   5.91185000e-01
   3.55614977e-02   5.93020000e-01
   3.35022596e-02   5.93231000e-01
   4.72501311e-02   5.91856000e-01
   4.82907258e-02   5.87848000e-01
   2.81606264e-02   5.88832000e-01
   1.59361607e-02   5.91217000e-01
   8.71054972e-03   5.98448000e-01
   1.44746041e-02   5.90864000e-01
   4.56498820e-02   5.93637000e-01
   1.72301258e-02   5.89710000e-01
   2.08084628e-02   5.91188000e-01
   5.59011561e-02   5.92573000e-01
   2.62724403e-02   5.93656000e-01
   4.56721702e-02   5.92445000e-01
   1.12650273e-02   5.89126000e-01
   1.48090411e-02   5.90434000e-01
   5.37615197e-02   5.91565000e-01
   2.93259810e-02   5.84929000e-01
   2.47246654e-02   5.86594000e-01
   2.14006554e-02   5.90511000e-01
   2.61379800e-02   5.90086000e-01
   3.04402760e-02   5.89394000e-01
   3.30769267e-02   5.93951000e-01
   1.19085809e-02   5.89102000e-01
   3.42276705e-02   5.90916000e-01
   5.56830785e-02   5.95000000e-01
   1.62028509e-02   5.91412000e-01
   1.74188837e-02   5.88326000e-01
   6.52569707e-03   5.92378000e-01
   4.55596647e-02   5.92361000e-01
   2.23843708e-02   5.93651000e-01
   3.02598868e-02   5.87289000e-01
   3.81646982e-02   5.95447000e-01
   2.99906101e-02   5.91288000e-01
   8.37259801e-03   5.90943000e-01
   2.29792955e-02   5.90570000e-01
   1.67623543e-02   5.89109000e-01
   1.67821319e-02   5.89738000e-01
   4.12662872e-03   5.90736000e-01
   4.61881944e-03   5.92530000e-01
   2.19823007e-02   5.91120000e-01
   1.50324399e-02   5.91397000e-01
   3.98191262e-02   5.91368000e-01
   4.25010505e-02   5.94274000e-01
   2.01736162e-02   5.92535000e-01
   2.89836935e-02   5.91452000e-01
   4.54813428e-02   5.94358000e-01
   3.56388299e-02   5.90995000e-01
   3.19122242e-02   5.89742000e-01
   1.80665554e-02   5.94056000e-01
   3.32315568e-02   5.91179000e-01
   1.71649248e-02   5.87350000e-01
   2.54190272e-02   5.91847000e-01
   7.31249479e-03   5.90627000e-01
   3.06297899e-02   5.95356000e-01
   7.84751396e-03   5.92514000e-01
   1.89412478e-02   5.96162000e-01
   3.52004217e-02   5.89415000e-01
   6.53392863e-02   5.91246000e-01
   1.47341018e-02   5.92976000e-01
   3.02877568e-02   5.93493000e-01
   1.84341614e-02   5.92307000e-01
   2.08220057e-02   5.92635000e-01
   4.55175950e-02   5.92645000e-01
   3.43485061e-02   5.96194000e-01
   5.07752022e-02   5.87376000e-01
   2.78901605e-02   5.95111000e-01
   5.61083445e-02   5.89966000e-01
   2.83109456e-02   5.92333000e-01
   1.50400779e-02   5.91156000e-01
   2.63000263e-02   5.89803000e-01
   3.30630383e-02   5.95912000e-01
   1.48049386e-02   5.90525000e-01
   4.42820180e-02   5.91487000e-01
   4.83087913e-02   5.91988000e-01
   9.13168326e-03   5.89326000e-01
   4.32826526e-02   5.92931000e-01
   4.68003416e-02   5.93123000e-01
   2.50091919e-02   5.90889000e-01
   1.59311413e-02   5.91042000e-01
   6.11751393e-02   5.86667000e-01
   1.45698009e-02   5.90201000e-01
   3.50360984e-02   5.92770000e-01
   3.31515174e-02   5.88904000e-01
   3.18946512e-02   5.88424000e-01
   2.30530116e-02   5.88574000e-01
   2.71492588e-02   5.93572000e-01
   2.28211791e-02   5.90342000e-01
   2.18059642e-02   5.88931000e-01
   4.40340343e-02   5.91497000e-01
   3.62791598e-02   5.92326000e-01
   3.21081649e-02   5.87112000e-01
   2.39353028e-02   5.91647000e-01
   1.03591119e-02   5.89621000e-01
   1.47694894e-02   5.92918000e-01
   1.71174410e-02   5.93694000e-01
   3.04582248e-02   5.89756000e-01
   4.12509155e-02   5.93315000e-01
   2.35373470e-02   5.95356000e-01
   4.76870236e-02   5.90909000e-01
   1.45412693e-02   5.88624000e-01
   5.98573162e-03   5.93338000e-01
   1.46269757e-02   5.91709000e-01
   9.58195736e-03   5.93387000e-01
   9.57189277e-03   5.90568000e-01
   8.01925497e-03   5.89067000e-01
   3.06304313e-02   5.94920000e-01
   2.76059481e-02   5.87740000e-01
   4.79776791e-02   5.92361000e-01
   2.20973798e-02   5.94279000e-01
   5.81244819e-02   5.90364000e-01
   5.64272531e-02   5.90673000e-01
   2.23530845e-02   5.91537000e-01
   4.53490199e-02   5.91902000e-01
   4.12032569e-02   5.91468000e-01
   9.44831887e-03   5.89686000e-01
   1.51165928e-02   5.92221000e-01
   2.07134555e-02   5.91554000e-01
   1.22779061e-02   5.94198000e-01
   1.53751601e-02   5.94286000e-01
   3.45477340e-02   5.94197000e-01
   3.93055350e-02   5.91266000e-01
   3.64413992e-02   5.91132000e-01
   4.97615859e-02   5.91548000e-01
   2.95343312e-02   5.88562000e-01
   1.31771074e-02   5.92380000e-01
   3.67187614e-02   5.94304000e-01
   4.09721639e-02   5.92665000e-01
   5.95160300e-02   5.89822000e-01
   4.10028811e-02   5.96249000e-01
   3.25956124e-02   5.86589000e-01
   3.30172737e-02   5.92496000e-01
   7.85474628e-02   5.95395000e-01
   2.15641771e-02   5.94229000e-01
   2.78889525e-02   5.89844000e-01
   3.56965808e-02   5.95749000e-01
   2.33096917e-02   5.90059000e-01
   4.61177688e-02   5.97101000e-01
   2.15090063e-02   5.93258000e-01
   4.58737153e-02   5.91160000e-01
   4.93517809e-02   5.93467000e-01
   2.17107067e-02   5.92477000e-01
   5.74648840e-02   5.92015000e-01
   1.68658150e-02   5.92550000e-01
   5.80467963e-02   5.87442000e-01
   1.36123508e-02   5.91024000e-01
   3.27569828e-02   5.89726000e-01
   2.41522344e-02   5.88802000e-01
   4.54189254e-02   5.90712000e-01
   1.55376062e-02   5.95968000e-01
   2.71434267e-02   5.87907000e-01
   1.94518464e-02   5.89920000e-01
   6.22547744e-02   5.90625000e-01
   2.10248779e-02   5.90598000e-01
   5.34941335e-02   5.89383000e-01
   2.03576701e-02   5.93297000e-01
   4.31590299e-03   5.92935000e-01
   3.27013325e-02   5.92687000e-01
   3.54339736e-02   5.89391000e-01
   3.83925174e-02   5.90041000e-01
   4.78360662e-02   5.92242000e-01
   3.13215761e-02   5.89924000e-01
   8.38388774e-03   5.89632000e-01
   3.72897874e-02   5.88816000e-01
   2.28512299e-02   5.92384000e-01
   3.53015300e-02   5.91958000e-01
   3.15868614e-02   5.89738000e-01
   4.45541725e-02   5.88668000e-01
   1.35381769e-02   5.88190000e-01
   2.63660098e-03   5.90555000e-01
   5.92734944e-02   5.91041000e-01
   3.27129762e-02   5.91014000e-01
   3.16756199e-02   5.94711000e-01
   3.04209550e-02   5.90602000e-01
   2.15103983e-02   5.92099000e-01
   4.71838286e-02   5.94027000e-01
   5.06604516e-02   5.93354000e-01
   5.22399514e-02   5.94749000e-01
   4.74836321e-03   5.91848000e-01
   2.29124579e-02   5.90093000e-01
   2.46739385e-02   5.94559000e-01
   3.40597990e-02   5.93377000e-01
   2.48374869e-02   5.91196000e-01
   2.46642408e-02   5.90741000e-01
   4.09469810e-02   5.93821000e-01
   4.74798822e-02   5.89902000e-01
   2.96154583e-02   5.93488000e-01
   1.52860194e-02   5.92999000e-01
   1.57410223e-02   5.94504000e-01
   2.26495212e-02   5.89798000e-01
   4.48653397e-02   5.92822000e-01
   2.57991971e-02   5.94116000e-01
   4.77258737e-02   5.90499000e-01
   9.90814826e-03   5.93755000e-01
   2.89984246e-02   5.88182000e-01
   6.11699028e-02   5.94446000e-01
   5.81196325e-02   5.90893000e-01
   3.65273411e-02   5.94824000e-01
   2.96155578e-02   5.91076000e-01
   2.57284804e-02   5.92960000e-01
   6.82005482e-02   5.92808000e-01
   5.21125931e-02   5.91095000e-01
   3.02869397e-02   5.90308000e-01
   4.01800981e-02   5.90790000e-01
   1.33860127e-02   5.91195000e-01
   1.45530888e-02   5.93974000e-01
   2.90178519e-02   5.92048000e-01
   5.86891883e-02   5.91393000e-01
   2.58488224e-02   5.92067000e-01
   2.70845852e-02   5.93897000e-01
   2.23854355e-02   5.94080000e-01
   3.40912973e-02   5.87956000e-01
   3.17709030e-02   5.90367000e-01
   9.47141047e-03   5.91460000e-01
   1.94469338e-02   5.89628000e-01
   6.47340742e-02   5.93268000e-01
   3.82153004e-02   5.91330000e-01
   1.40607092e-02   5.93275000e-01
   5.36491164e-02   5.96756000e-01
   3.65817118e-02   5.94036000e-01
   2.58557222e-02   5.90536000e-01
   1.53441445e-02   5.90133000e-01
   2.42201167e-02   5.91740000e-01
   2.00236946e-02   5.90953000e-01
   2.37556020e-02   5.90715000e-01
   1.33312411e-02   5.90663000e-01
   3.42214318e-02   5.94557000e-01
   5.66899658e-02   5.93095000e-01
   6.48645864e-02   5.92993000e-01
   2.88510047e-02   5.89111000e-01
   4.92813533e-02   5.95112000e-01
   3.73070439e-02   5.93326000e-01
   6.01562266e-02   5.94240000e-01
   3.17701935e-02   5.94236000e-01
   1.04621157e-02   5.88599000e-01
   1.55807603e-02   5.94660000e-01
   1.54027105e-02   5.94694000e-01
   4.29173844e-03   5.89168000e-01
   1.91378359e-02   5.85630000e-01
   3.18669695e-02   5.86238000e-01
   9.81779613e-03   5.91095000e-01
   3.06291304e-02   5.91939000e-01
   1.75453683e-02   5.95483000e-01
   3.55793846e-02   5.93708000e-01
   2.42591379e-02   5.93793000e-01
   2.20449381e-02   5.89921000e-01
   3.31677821e-02   5.92036000e-01
   1.84048893e-02   5.88868000e-01
   1.35698931e-02   5.94186000e-01
   2.06807076e-02   5.91879000e-01
   3.05494327e-02   5.89890000e-01
   8.48873617e-03   5.91372000e-01
   4.48554397e-02   5.94770000e-01
   2.25075010e-02   5.93723000e-01
   1.55974480e-02   5.89103000e-01
   1.10047487e-02   5.91501000e-01
   2.23860463e-02   5.89417000e-01
   3.11345154e-02   5.91994000e-01
   2.39225540e-02   5.90050000e-01
   1.41058085e-02   5.90795000e-01
   2.95722276e-02   5.96468000e-01
   1.91674832e-02   5.95585000e-01
   2.45203610e-02   5.86228000e-01
   3.13310936e-02   5.90346000e-01
   3.05432037e-02   5.90563000e-01
   5.87746742e-02   5.91877000e-01
   3.27218706e-02   5.90758000e-01
   1.05934635e-02   5.87488000e-01
   1.51528954e-02   5.89031000e-01
   3.37914832e-02   5.93430000e-01
   3.77967179e-02   5.89869000e-01
   3.93464139e-02   5.92867000e-01
   1.34851769e-02   5.93179000e-01
   3.01094545e-02   5.91647000e-01
   1.96143844e-02   5.92616000e-01
   1.27465201e-02   5.88491000e-01
   2.77862860e-02   5.89400000e-01
   5.03818797e-02   5.91702000e-01
   2.40157198e-02   5.97226000e-01
   1.95116695e-02   5.90031000e-01
   5.34053646e-02   5.94858000e-01
   3.81678105e-03   5.92791000e-01
   1.32371169e-02   5.89263000e-01
   3.35550659e-02   5.91976000e-01
   1.72745298e-02   5.90707000e-01
   6.19553614e-03   5.91562000e-01
   4.46016634e-02   5.92315000e-01
   2.41294096e-02   5.88032000e-01
   1.80005837e-02   5.92433000e-01
   3.77912312e-02   5.89406000e-01
   4.01129270e-02   5.93762000e-01
   9.19016793e-03   5.94014000e-01
   4.81473213e-02   5.93746000e-01
   2.66587505e-02   5.93575000e-01
   5.59894056e-02   5.93090000e-01
   2.13922112e-02   5.92131000e-01
   2.50703845e-02   5.91385000e-01
   3.06767924e-02   5.92760000e-01
   1.48906211e-02   5.92049000e-01
   1.89545271e-02   5.92499000e-01
   2.66548107e-02   5.90493000e-01
   5.35711016e-02   5.90972000e-01
   2.12159417e-02   5.91142000e-01
   4.25738248e-02   5.91962000e-01
   1.32117674e-02   5.92867000e-01
   1.99296306e-02   5.91920000e-01
   1.80563335e-02   5.89194000e-01
   1.57706709e-02   5.90123000e-01
   1.55327151e-02   5.94002000e-01
   8.81857863e-03   5.88865000e-01
   3.73234027e-02   5.91883000e-01
   3.09527811e-02   5.87897000e-01
   2.56802051e-02   5.89783000e-01
   1.30427393e-02   5.88773000e-01
   1.95035322e-02   5.92697000e-01
   2.17337168e-02   5.90072000e-01
   1.21313718e-02   5.89007000e-01
   2.17714516e-02   5.89967000e-01
   3.30337064e-02   5.95553000e-01
   1.18757895e-02   5.91329000e-01
   1.65197146e-02   5.88325000e-01
   2.51812808e-02   5.90286000e-01
   4.96302089e-02   5.90707000e-01
   1.86182362e-02   5.95052000e-01
   1.57093600e-02   5.95590000e-01
   2.34286431e-02   5.90481000e-01
   3.35902081e-02   5.92904000e-01
   5.68345780e-02   5.95263000e-01
   4.18447660e-02   5.93842000e-01
   2.89033936e-02   5.87992000e-01
   1.30063367e-02   5.89314000e-01
   1.48332376e-02   5.90834000e-01
   2.94356054e-02   5.90907000e-01
   3.29884034e-02   5.92111000e-01
   7.26623906e-03   5.92051000e-01
   2.55067939e-02   5.88650000e-01
   2.01979167e-02   5.90572000e-01
   4.74125919e-02   5.89882000e-01
   2.73383863e-02   5.92982000e-01
   7.09718099e-03   5.94257000e-01
   2.43880508e-02   5.95114000e-01
   4.89838310e-03   5.91618000e-01
   6.04979303e-02   5.89590000e-01
   1.67389159e-02   5.88292000e-01
   2.61858571e-02   5.90252000e-01
   3.28701464e-02   5.92054000e-01
   6.99554255e-02   5.88576000e-01
   1.55610715e-02   5.90125000e-01
   1.41965888e-02   5.93761000e-01
   1.90268862e-02   5.94954000e-01
   1.84936763e-02   5.91242000e-01
   3.09998474e-02   5.94006000e-01
   1.23988228e-02   5.89629000e-01
   2.34519198e-02   5.90231000e-01
   3.64516617e-02   5.91253000e-01
   1.87499741e-02   5.92068000e-01
   2.04380951e-02   5.92677000e-01
   3.75307218e-02   5.94401000e-01
   3.89723768e-02   5.92436000e-01
   2.29862553e-02   5.93580000e-01
   7.00472040e-02   5.93318000e-01
   1.16492950e-02   5.88230000e-01
   2.43039010e-02   5.93499000e-01
   3.20321900e-02   5.91277000e-01
   9.10242791e-03   5.91069000e-01
   5.73888662e-02   5.91655000e-01
   6.45097032e-02   5.91350000e-01
   1.74543449e-02   5.90701000e-01
   2.46368875e-02   5.92907000e-01
   5.24881296e-02   5.87848000e-01
   8.40923743e-03   5.94458000e-01
   8.73650107e-03   5.91469000e-01
   2.25291199e-02   5.90177000e-01
   2.77522132e-02   5.91341000e-01
   2.80023431e-02   5.93486000e-01
   1.26476360e-02   5.88334000e-01
   4.89595652e-02   5.91264000e-01
   2.87974411e-02   5.91326000e-01
   5.32164345e-02   5.90400000e-01
   3.85803306e-02   5.87072000e-01
   2.60456011e-02   5.91639000e-01
   2.56336795e-02   5.96811000e-01
   4.98158518e-02   5.89045000e-01
   3.42110629e-02   5.89028000e-01
   3.07504709e-02   5.89902000e-01
   2.23611539e-02   5.91586000e-01
   1.19518776e-02   5.89182000e-01
   4.33405401e-02   5.88948000e-01
   4.40232607e-02   5.91552000e-01
   1.45656350e-02   5.92429000e-01
   2.33633996e-02   5.90873000e-01
   4.49646375e-02   5.90684000e-01
   2.52418949e-02   5.95835000e-01
   1.76495009e-02   5.91600000e-01
   3.01107410e-02   5.93890000e-01
   4.42484434e-02   5.93587000e-01
   1.12283190e-02   5.89613000e-01
   6.39570415e-02   5.95437000e-01
   3.21078381e-02   5.92991000e-01
   5.13015394e-02   5.94038000e-01
   1.77941860e-02   5.95716000e-01
   2.36678696e-02   5.92507000e-01
   2.84337437e-02   5.90064000e-01
   5.48728345e-02   5.92143000e-01
   2.02076502e-02   5.91289000e-01
   2.84335898e-02   5.90807000e-01
   2.18168466e-02   5.89471000e-01
   1.46328841e-02   5.93796000e-01
   2.32341770e-02   5.93556000e-01
   2.42496174e-02   5.94175000e-01
   1.19589831e-02   5.93558000e-01
   7.58410702e-03   5.91859000e-01
   4.50648424e-02   5.90623000e-01
   1.17895237e-02   5.97480000e-01
   2.99919479e-02   5.91397000e-01
   1.20325528e-02   5.91058000e-01
   2.62440603e-02   5.92350000e-01
   3.02672356e-02   5.93971000e-01
   2.52087119e-02   5.90543000e-01
   3.19875947e-02   5.93402000e-01
   2.59189237e-02   5.88895000e-01
   2.51356465e-02   5.87744000e-01
   2.05725401e-02   5.88786000e-01
   2.62752132e-02   5.95539000e-01
   4.83254871e-02   5.87649000e-01
   4.01188799e-02   5.93202000e-01
   2.07614629e-02   5.89167000e-01
   2.84903631e-02   5.89496000e-01
   9.91855732e-03   5.91057000e-01
   5.04909617e-02   5.93007000e-01
   5.78429431e-02   5.91155000e-01
   6.59769290e-02   5.89706000e-01
   1.11189707e-02   5.86356000e-01
   4.01668538e-02   5.89358000e-01
   1.14287983e-02   5.90230000e-01
   5.60915504e-02   5.94433000e-01
   2.99959958e-02   5.92707000e-01
   1.04224501e-02   5.93802000e-01
   5.60594688e-02   5.93075000e-01
   2.32497099e-02   5.95142000e-01
   3.61318946e-02   5.91373000e-01
   2.32201474e-02   5.94648000e-01
   4.96724511e-03   5.92668000e-01
   6.28630120e-02   5.93706000e-01
   3.10353540e-02   5.92798000e-01
   1.57801676e-02   5.91487000e-01
   9.82858396e-03   5.92669000e-01
   4.53301024e-02   5.93417000e-01
   5.67334724e-03   5.92685000e-01
   4.10765970e-02   5.92390000e-01
   2.86827714e-02   5.93051000e-01
   5.38809090e-02   5.89564000e-01
   5.25451290e-02   5.92772000e-01
   6.40255558e-03   5.90100000e-01
   1.01361764e-02   5.90084000e-01
   2.78660408e-02   5.91109000e-01
   4.04932021e-02   5.94080000e-01
   9.19511131e-03   5.90339000e-01
   3.99141556e-02   5.91883000e-01
   1.79747838e-02   5.88840000e-01
   3.00347144e-02   5.94675000e-01
   1.54613371e-02   5.92636000e-01
   2.14659995e-02   5.94061000e-01
   2.24323207e-02   5.88406000e-01
   5.95690676e-02   5.94145000e-01
   4.86282714e-02   5.91710000e-01
   6.43979050e-02   5.92203000e-01
   4.66909584e-02   5.93570000e-01
   1.13124486e-02   5.92226000e-01
   6.25941963e-02   5.95085000e-01
   2.36214231e-02   5.90303000e-01
   2.28271744e-02   5.87153000e-01
   4.21979364e-02   5.90455000e-01
   1.13577068e-02   5.87553000e-01
   7.10554614e-02   5.95175000e-01
   1.73649473e-02   5.92663000e-01
   3.83067812e-02   5.93565000e-01
   5.06614728e-02   5.92438000e-01
   1.71398082e-02   5.90758000e-01
   1.22690187e-02   5.93392000e-01
   7.67778290e-03   5.89384000e-01
   5.04896005e-02   5.88774000e-01
   3.87075317e-02   5.86872000e-01
   4.72857878e-02   5.91305000e-01
   3.14962737e-02   5.90916000e-01
   1.31233659e-02   5.91023000e-01
   2.29638638e-02   5.94152000e-01
   8.73065026e-03   5.91987000e-01
   2.84662830e-02   5.92298000e-01
   2.99300531e-02   5.93926000e-01
   4.56450030e-02   5.91757000e-01
   1.29391934e-02   5.95397000e-01
   2.39100240e-02   5.89951000e-01
   1.28956143e-02   5.88714000e-01
   1.78548054e-02   5.90192000e-01
   1.25876354e-02   5.85573000e-01
   3.38455548e-02   5.90740000e-01
   7.13931588e-02   5.93455000e-01
   4.06964277e-02   5.87093000e-01
   2.57763294e-02   5.88813000e-01
   4.12704816e-02   5.91297000e-01
   2.97354015e-02   5.91066000e-01
   2.07919946e-02   5.93269000e-01
   1.43713561e-02   5.89712000e-01
   3.99228300e-02   5.89255000e-01
   1.91818998e-02   5.88026000e-01
   8.83965672e-03   5.91304000e-01
   2.31743995e-02   5.91181000e-01
   3.90133768e-02   5.91955000e-01
   1.74169005e-02   5.88141000e-01
   3.30032962e-02   5.91781000e-01
   3.37402443e-02   5.88805000e-01
   2.06965386e-02   5.90192000e-01
   4.34633093e-02   5.89763000e-01
   1.66990555e-02   5.88420000e-01
   3.47367380e-02   5.89295000e-01
   5.16580009e-03   5.90590000e-01
   1.94793643e-03   5.93249000e-01
   5.13774538e-02   5.89352000e-01
   3.00771884e-02   5.92678000e-01
   6.76188270e-03   5.93996000e-01
   3.01579223e-02   5.94970000e-01
   5.95633683e-03   5.93162000e-01
   4.63905327e-02   5.95795000e-01
   5.78964420e-03   5.88691000e-01
   3.17455656e-02   5.94218000e-01
   8.84745989e-03   5.89230000e-01
   1.78997527e-02   5.94861000e-01
   3.49152390e-02   5.90739000e-01
   2.89304534e-02   5.91044000e-01
   2.85639160e-02   5.92057000e-01
   3.29251699e-02   5.92700000e-01
   3.25167219e-02   5.95326000e-01
   4.46597446e-02   5.93455000e-01
   1.77959381e-02   5.91898000e-01
   8.99601704e-03   5.93128000e-01
   2.05239046e-02   5.93319000e-01
   2.17980775e-02   5.88117000e-01
   2.74928160e-02   5.87465000e-01
   1.27571486e-02   5.90110000e-01
   1.40671030e-02   5.90724000e-01
   1.22532965e-02   5.92212000e-01
   2.47542983e-02   5.91678000e-01
   4.22827210e-03   5.94152000e-01
   4.18603066e-02   5.91138000e-01
   5.29106435e-02   5.94137000e-01
   3.35108788e-02   5.90304000e-01
   1.70377800e-02   5.91640000e-01
   3.81245687e-02   5.89696000e-01
   8.87991997e-03   5.90582000e-01
   2.41584116e-02   5.90237000e-01
   1.80509702e-02   5.93221000e-01
   3.81577214e-02   5.86620000e-01
   1.27732735e-02   5.92048000e-01
   4.41296432e-02   5.92567000e-01
   1.50839384e-02   5.93059000e-01
   4.57908180e-02   5.89077000e-01
   3.01792910e-02   5.89884000e-01
   5.27811890e-02   5.88554000e-01
   2.21797911e-02   5.88152000e-01
   1.79131999e-02   5.93627000e-01
   3.08370506e-02   5.91128000e-01
   2.09324727e-02   5.93839000e-01
   3.50047624e-02   5.92791000e-01
   1.18269442e-02   5.90505000e-01
   2.18727060e-02   5.89543000e-01
   4.51079893e-02   5.92803000e-01
   2.26928307e-02   5.90699000e-01
   3.32605296e-02   5.87392000e-01
   2.34184565e-02   5.93652000e-01
   5.00872704e-02   5.90681000e-01
   2.38409045e-02   5.92525000e-01
   2.43354315e-02   5.90131000e-01
   1.19414311e-02   5.96192000e-01
   3.50549043e-02   5.91196000e-01
   2.79150972e-02   5.91289000e-01
   5.49832004e-02   5.90153000e-01
   2.57383244e-02   5.90490000e-01
   2.30060821e-02   5.91902000e-01
   2.70265124e-02   5.88925000e-01
   4.38949251e-02   5.91532000e-01
   1.54074730e-02   5.91515000e-01
   6.18399918e-02   5.87909000e-01
   2.11489715e-02   5.93288000e-01
   1.05696657e-02   5.94399000e-01
   4.16884778e-03   5.91748000e-01
   2.74079025e-02   5.92394000e-01
   1.26949289e-02   5.93236000e-01
   3.74972346e-02   5.92289000e-01
   2.58828068e-02   5.91990000e-01
   4.93337098e-02   5.90062000e-01
   3.05935924e-02   5.88888000e-01
   1.58879700e-02   5.89929000e-01
   1.38905935e-02   5.90063000e-01
   4.98042841e-02   5.92012000e-01
   1.19748332e-02   5.88805000e-01
   2.07175123e-02   5.91198000e-01
   3.91453857e-02   5.93689000e-01
   1.54616160e-02   5.89002000e-01
   2.91748109e-02   5.92945000e-01
   3.52350536e-02   5.91552000e-01
   1.66425559e-02   5.91434000e-01
   2.65591736e-02   5.90350000e-01
   1.92984623e-03   5.95939000e-01
   2.59229721e-02   5.88492000e-01
   3.92613476e-02   5.91946000e-01
   1.25988988e-02   5.93012000e-01
   2.11592934e-02   5.91807000e-01
   1.46761594e-02   5.90477000e-01
   3.00118485e-02   5.92998000e-01
   4.84570810e-02   5.89510000e-01
   3.30100593e-02   5.93255000e-01
   2.54027195e-02   5.91765000e-01
   2.17928770e-02   5.93714000e-01
   1.77794611e-02   5.87462000e-01
   9.15663950e-03   5.92181000e-01
   3.74048921e-02   5.92725000e-01
   3.09904759e-02   5.88399000e-01
   7.32727592e-02   5.93699000e-01
   5.65537810e-02   5.91572000e-01
   1.65998145e-02   5.91192000e-01
   4.72422305e-02   5.88551000e-01
   2.11881373e-02   5.88496000e-01
   1.63236133e-02   5.89457000e-01
   3.03467093e-02   5.92982000e-01
   5.74375415e-02   5.93152000e-01
   1.59198857e-02   5.90693000e-01
   3.83343703e-02   5.91785000e-01
   1.35251882e-02   5.89942000e-01
   1.41019160e-02   5.94400000e-01
   1.62769659e-02   5.87963000e-01
   1.55952061e-02   5.89710000e-01
   4.16877872e-02   5.91520000e-01
   2.05434400e-02   5.87582000e-01
   2.64369782e-02   5.89947000e-01
   3.12807328e-02   5.91978000e-01
   4.80247616e-02   5.93552000e-01
   4.97354324e-03   5.89592000e-01
   1.79973701e-02   5.96784000e-01
   1.47243898e-02   5.92425000e-01
   8.15214804e-03   5.90497000e-01
   3.71468016e-02   5.91669000e-01
   2.18173620e-02   5.93835000e-01
   1.32737336e-02   5.91242000e-01
   2.21365489e-02   5.95105000e-01
   2.24388715e-02   5.94526000e-01
   3.00570041e-02   5.91847000e-01
   4.28345935e-02   5.93177000e-01
   3.28822534e-02   5.91802000e-01
   4.16575947e-02   5.94122000e-01
   5.65352430e-02   5.93504000e-01
   2.92160140e-02   5.92133000e-01
   2.54996657e-02   5.95411000e-01
   2.36692934e-02   5.90567000e-01
   1.76655034e-02   5.93820000e-01
   1.43908258e-02   5.88186000e-01
   6.74301554e-03   5.92676000e-01
   5.87605514e-03   5.92877000e-01
   1.00195480e-02   5.91925000e-01
   1.54429802e-02   5.89407000e-01
   1.63147681e-02   5.88092000e-01
   1.67069875e-02   5.90964000e-01
   3.30055632e-02   5.89583000e-01
   2.31281645e-02   5.94986000e-01
   3.64978069e-02   5.92119000e-01
   1.25829797e-02   5.93693000e-01
   5.11244733e-02   5.94252000e-01
   1.92864143e-02   5.92502000e-01
   2.80600858e-02   5.87830000e-01
   3.90758995e-02   5.90400000e-01
   4.00814769e-02   5.92309000e-01
   5.21429895e-02   5.90473000e-01
   2.87180454e-02   5.93493000e-01
   3.23572050e-02   5.91657000e-01
   6.25082970e-02   5.94588000e-01
   4.77799442e-02   5.94257000e-01
   2.62129837e-02   5.94260000e-01
   1.96030878e-02   5.95561000e-01
   2.53884096e-02   5.88869000e-01
   1.60838232e-02   5.92911000e-01
   2.40835790e-02   5.88899000e-01
   2.90529372e-02   5.92509000e-01
   2.56994297e-02   5.90938000e-01
   4.89394912e-02   5.91136000e-01
   1.99948016e-02   5.91881000e-01
   3.51153595e-02   5.94122000e-01
   3.64614860e-02   5.92334000e-01
   4.63001418e-02   5.96284000e-01
   3.24633447e-02   5.93263000e-01
   1.72318159e-02   5.93337000e-01
   2.66363390e-02   5.94242000e-01
   5.47297618e-02   5.91485000e-01
   5.02067934e-02   5.96003000e-01
   3.90595200e-02   5.93841000e-01
   5.61774294e-02   5.93450000e-01
   2.78631798e-02   5.89289000e-01
   1.12550491e-02   5.89220000e-01
   5.82639876e-02   5.87605000e-01
   3.25041990e-02   5.91410000e-01
   4.58828202e-02   5.92707000e-01
   9.51421349e-03   5.92589000e-01
   1.65900272e-02   5.87118000e-01
   2.30579064e-02   5.93870000e-01
   2.44162564e-02   5.92840000e-01
   2.56105119e-02   5.91027000e-01
   4.27730026e-02   5.93094000e-01
   3.22935075e-02   5.92206000e-01
   2.12109158e-02   5.93158000e-01
   9.22517533e-03   5.88880000e-01
   7.96891016e-02   5.95055000e-01
   1.73787948e-02   5.91737000e-01
   4.53155154e-02   5.93614000e-01
   4.31123778e-02   5.91496000e-01
   1.54369460e-02   5.92310000e-01
   2.06570880e-02   5.92058000e-01
   6.30080257e-03   5.96597000e-01
   3.22602734e-02   5.91477000e-01
   3.10624087e-02   5.90433000e-01
   4.11483618e-02   5.90512000e-01
   3.66799008e-02   5.92831000e-01
   1.28925067e-02   5.90596000e-01
   4.14727208e-02   5.92803000e-01
   3.71157988e-02   5.86731000e-01
   8.89169998e-03   5.86875000e-01
   4.44351432e-02   5.90751000e-01
   5.00649535e-02   5.89794000e-01
   3.29157892e-02   5.96491000e-01
   4.02206235e-02   5.89470000e-01
   3.09917699e-02   5.92504000e-01
   3.85950156e-02   5.93329000e-01
   2.08022500e-02   5.88466000e-01
   1.35792494e-02   5.95391000e-01
   5.08773233e-02   5.90984000e-01
   4.90899925e-02   5.87486000e-01
   1.28133995e-02   5.92516000e-01
   6.22054290e-02   5.92552000e-01
   3.42507634e-02   5.91892000e-01
   2.81253160e-02   5.86640000e-01
   2.87865514e-02   5.92684000e-01
   4.23053829e-02   5.90692000e-01
   5.95607079e-03   5.93579000e-01
   2.53995766e-02   5.91494000e-01
   2.86709067e-02   5.88941000e-01
   2.05743788e-02   5.92216000e-01
   1.94238422e-02   5.88986000e-01
   2.18936930e-02   5.90512000e-01
   2.46475217e-02   5.90329000e-01
   2.78575491e-02   5.89831000e-01
   2.17262753e-02   5.92037000e-01
   4.78994787e-02   5.90958000e-01
   1.85708894e-02   5.92420000e-01
   4.97907093e-02   5.94324000e-01
   1.88888767e-02   5.90470000e-01
   3.15162060e-02   5.92444000e-01
   3.85473490e-02   5.91807000e-01
   3.38455821e-02   5.91288000e-01
   2.85609894e-02   5.87797000e-01
   3.73683034e-02   5.92071000e-01
   9.62149590e-03   5.90216000e-01
   4.35177000e-03   5.94351000e-01
   1.48155194e-02   5.95622000e-01
   4.07629504e-02   5.93031000e-01
   3.04596320e-02   5.94844000e-01
   5.72928607e-02   5.91620000e-01
   4.23994700e-02   5.89426000e-01
   1.33245889e-02   5.92753000e-01
   2.88778794e-02   5.91707000e-01
   3.46587547e-03   5.87285000e-01
   4.91876691e-02   5.93509000e-01
   3.56936539e-02   5.93385000e-01
   1.37118150e-02   5.93948000e-01
   1.05359056e-02   5.92359000e-01
   3.83288355e-02   5.91079000e-01
   2.95404252e-02   5.91452000e-01
   1.15484474e-02   5.89691000e-01
   1.87322525e-02   5.91598000e-01
   1.91896544e-02   5.93348000e-01
   2.62403098e-03   5.93182000e-01
   3.34722782e-02   5.92379000e-01
   6.01299580e-03   5.92542000e-01
   1.84489951e-02   5.92287000e-01
   3.54440354e-02   5.87689000e-01
   4.01013016e-02   5.90328000e-01
   9.03747996e-03   5.91810000e-01
   1.20733048e-02   5.88331000e-01
   4.52449589e-02   5.92170000e-01
   1.71162543e-03   5.93086000e-01
   2.75027737e-02   5.94023000e-01
   4.42795413e-02   5.89377000e-01
   2.93086875e-02   5.89559000e-01
   2.43443614e-02   5.95585000e-01
   5.73612584e-02   5.89537000e-01
   3.97960939e-02   5.92699000e-01
   3.08545345e-03   5.89669000e-01
   3.99541591e-02   5.90890000e-01
   3.49232252e-02   5.94405000e-01
   6.22118911e-02   5.92011000e-01
   2.56981630e-02   5.93709000e-01
   2.76866328e-02   5.95333000e-01
   2.85641832e-02   5.92520000e-01
   5.40191005e-02   5.94369000e-01
   2.28884731e-02   5.92820000e-01
   7.49978204e-03   5.92781000e-01
   2.15890570e-02   5.91126000e-01
   2.03679295e-02   5.89974000e-01
   3.88339706e-02   5.88937000e-01
   1.64605953e-02   5.94113000e-01
   1.72009756e-02   5.93257000e-01
   4.34809267e-02   5.91000000e-01
   3.27934270e-02   5.90330000e-01
   6.14670788e-02   5.94864000e-01
   3.00389977e-02   5.91771000e-01
   2.21997557e-02   5.90153000e-01
   2.07418249e-02   5.92745000e-01
   3.02470381e-02   5.86660000e-01
   5.55247451e-02   5.91168000e-01
   3.82464320e-02   5.90462000e-01
   3.23168397e-02   5.91628000e-01
   2.35952423e-03   5.89773000e-01
   3.84919274e-02   5.94577000e-01
   2.23450228e-02   5.93983000e-01
   3.40884755e-02   5.91142000e-01
   3.48181485e-02   5.92748000e-01
   2.09937433e-02   5.89738000e-01
   3.20995140e-02   5.92960000e-01
   2.35004106e-02   5.91959000e-01
   4.51096290e-02   5.95885000e-01
   2.98155434e-02   5.92156000e-01
   6.62018810e-03   5.93060000e-01
   6.90525865e-02   5.94193000e-01
   1.03504002e-02   5.91439000e-01
   5.46817512e-02   5.90402000e-01
   4.07551417e-02   5.91816000e-01
   1.79724985e-02   5.90841000e-01
   2.15626398e-02   5.89851000e-01
   1.67748290e-02   5.89718000e-01
   3.76063193e-02   5.93339000e-01
   4.07882530e-02   5.93564000e-01
   1.14204987e-02   5.93230000e-01
   3.93741634e-02   5.90983000e-01
   4.53323967e-03   5.91149000e-01
   3.17936805e-02   5.93973000e-01
   5.55218089e-02   5.94709000e-01
   4.23249954e-02   5.95227000e-01
   6.67201333e-02   5.91274000e-01
   2.33680834e-02   5.92383000e-01
   6.39055256e-02   5.92545000e-01
   9.43989626e-03   5.89811000e-01
   2.57936493e-02   5.92748000e-01
   4.87357967e-02   5.91212000e-01
   3.72796194e-02   5.92193000e-01
   3.99712032e-02   5.95753000e-01
   2.96126474e-02   5.90777000e-01
   3.54210468e-03   5.90118000e-01
   3.63939601e-02   5.93672000e-01
   2.30233301e-02   5.91953000e-01
   3.77368428e-02   5.94491000e-01
   2.94396489e-02   5.86561000e-01
   4.73213116e-02   5.91909000e-01
   3.38518571e-02   5.91969000e-01
   2.39345982e-02   5.92020000e-01
   1.84300940e-02   5.90180000e-01
   3.30183493e-02   5.90635000e-01
   2.69821383e-02   5.92481000e-01
   9.04650988e-03   5.92747000e-01
   1.84256812e-02   5.92722000e-01
   1.82577416e-02   5.87762000e-01
   4.43308226e-02   5.90769000e-01
   2.19423747e-02   5.89871000e-01
   3.94180853e-02   5.93011000e-01
   4.35852952e-02   5.90736000e-01
   1.45481676e-02   5.94303000e-01
   2.13474269e-02   5.93559000e-01
   8.66231619e-03   5.86630000e-01
   1.21743539e-02   5.89858000e-01
   3.03598730e-02   5.89815000e-01
   4.88483590e-02   5.92453000e-01
   3.38671818e-02   5.90735000e-01
   1.66038601e-02   5.88466000e-01
   1.97624283e-02   5.92532000e-01
   2.44681358e-02   5.94044000e-01
   4.14370839e-02   5.91289000e-01
   2.41583810e-02   5.86491000e-01
   2.54282020e-02   5.93873000e-01
   1.30822668e-02   5.92383000e-01
   2.33723531e-02   5.91356000e-01
   3.27550241e-02   5.91935000e-01
   2.06249863e-02   5.95559000e-01
   2.91705010e-02   5.94433000e-01
   5.08538246e-02   5.86490000e-01
   2.96014250e-03   5.97662000e-01
   6.26513777e-03   5.90400000e-01
   3.86835186e-02   5.91672000e-01
   1.44743347e-02   5.88955000e-01
   2.97748494e-02   5.92497000e-01
   1.55952977e-02   5.92171000e-01
   1.39434409e-02   5.89568000e-01
   6.84907774e-03   5.92811000e-01
   3.07059152e-02   5.92311000e-01
   3.61657301e-02   5.87102000e-01
   3.01315421e-02   5.87696000e-01
   3.18574441e-02   5.91177000e-01
   1.93755742e-02   5.92800000e-01
   5.86679831e-02   5.90718000e-01
   5.95951221e-02   5.93197000e-01
   7.67270135e-03   5.95096000e-01
   1.78507883e-02   5.90821000e-01
   1.66742412e-02   5.88999000e-01
   3.04648817e-02   5.90708000e-01
   5.29917804e-02   5.92426000e-01
   4.21599787e-02   5.90729000e-01
   4.48370731e-02   5.93990000e-01
   3.81813048e-02   5.94315000e-01
