#             |P|               []
   6.39014483e-03   6.34361000e-01
   2.48959841e-03   6.34313000e-01
   2.60375488e-03   6.34439000e-01
   2.34471540e-03   6.34374000e-01
   6.89686352e-03   6.34488000e-01
   4.94550451e-03   6.34537000e-01
   5.90284997e-03   6.34230000e-01
   7.47194412e-03   6.34202000e-01
   7.79035813e-03   6.34449000e-01
   6.01822289e-03   6.34695000e-01
   8.49496287e-03   6.34244000e-01
   3.47452538e-03   6.34426000e-01
   4.76360075e-03   6.34351000e-01
   2.66241450e-03   6.34181000e-01
   3.57485111e-03   6.33993000e-01
   6.23037906e-03   6.34277000e-01
   5.48140655e-03   6.34237000e-01
   3.85344400e-03   6.34088000e-01
   4.98607414e-03   6.34553000e-01
   1.14375133e-03   6.34183000e-01
   2.73692626e-03   6.34479000e-01
   2.27931319e-03   6.34181000e-01
   1.00535525e-03   6.34458000e-01
   7.45371750e-03   6.34282000e-01
   6.98176689e-03   6.34375000e-01
   9.62428579e-03   6.34367000e-01
   4.88160456e-03   6.34307000e-01
   4.66909530e-03   6.34235000e-01
   6.95606970e-03   6.34344000e-01
   5.45409708e-03   6.34331000e-01
   6.36797356e-03   6.34460000e-01
   6.64807356e-03   6.34292000e-01
   7.03537470e-03   6.34420000e-01
   6.21697616e-03   6.34314000e-01
   6.38884280e-03   6.34390000e-01
   5.00266532e-03   6.34365000e-01
   2.55766233e-03   6.34355000e-01
   2.48495607e-03   6.34253000e-01
   8.44609010e-03   6.34485000e-01
   3.85624827e-03   6.34294000e-01
   3.52621525e-03   6.34446000e-01
   6.40081601e-03   6.34218000e-01
   5.54660505e-03   6.34392000e-01
   5.53955588e-03   6.34472000e-01
   5.84010720e-03   6.34589000e-01
   6.92985526e-03   6.34340000e-01
   8.33394017e-03   6.34153000e-01
   4.21205459e-03   6.34418000e-01
   2.27754090e-03   6.34399000e-01
   5.07337784e-03   6.34309000e-01
   6.76276771e-03   6.34305000e-01
   3.98372935e-03   6.34291000e-01
   1.08011444e-03   6.34253000e-01
   1.30516384e-03   6.34285000e-01
   1.16889731e-03   6.34407000e-01
   1.94062370e-03   6.34308000e-01
   6.25697739e-03   6.34299000e-01
   5.96187022e-03   6.34367000e-01
   5.89216867e-03   6.34408000e-01
   4.51175101e-03   6.34187000e-01
   4.22206896e-03   6.34379000e-01
   2.54621730e-03   6.34372000e-01
   3.74281409e-03   6.34185000e-01
   2.65564313e-03   6.34222000e-01
   1.31238155e-03   6.34250000e-01
   7.22622241e-03   6.34517000e-01
   4.67263180e-03   6.34716000e-01
   1.20328176e-03   6.34272000e-01
   1.33578989e-03   6.34230000e-01
   3.08303268e-03   6.34274000e-01
   1.15884508e-03   6.34397000e-01
   8.00054596e-04   6.34439000e-01
   8.97932548e-04   6.34563000e-01
   3.08160735e-03   6.34273000e-01
   1.76661359e-03   6.34439000e-01
   2.63521033e-03   6.34270000e-01
   3.78786389e-03   6.34316000e-01
   1.79081461e-03   6.34471000e-01
   4.65361648e-03   6.34496000e-01
   5.59390058e-03   6.34249000e-01
   1.23124168e-03   6.34328000e-01
   2.12274633e-03   6.34318000e-01
   8.40922095e-04   6.34437000e-01
   3.16188106e-03   6.34237000e-01
   4.92381738e-03   6.34350000e-01
   3.56120380e-03   6.34502000e-01
   2.51934928e-03   6.34474000e-01
   6.44485453e-03   6.34355000e-01
   7.67928486e-03   6.34159000e-01
   5.23853421e-03   6.34259000e-01
   5.77723443e-03   6.34384000e-01
   5.56115342e-03   6.34516000e-01
   7.57869348e-03   6.34405000e-01
   3.50235573e-03   6.34451000e-01
   4.55683045e-03   6.34362000e-01
   2.11140168e-03   6.34363000e-01
   1.42459273e-03   6.34397000e-01
   4.03089836e-03   6.34301000e-01
   1.77639530e-03   6.34161000e-01
   3.61717340e-03   6.34291000e-01
   4.05390111e-03   6.34277000e-01
   4.56324742e-03   6.34439000e-01
   4.88010871e-03   6.34301000e-01
   6.11757562e-03   6.34302000e-01
   6.40463781e-03   6.34516000e-01
   6.32279945e-03   6.34589000e-01
   8.61653170e-03   6.34447000e-01
   6.91714642e-03   6.34424000e-01
   7.06724567e-03   6.34587000e-01
   3.86199938e-03   6.34282000e-01
   5.43039799e-03   6.34253000e-01
   5.97432356e-03   6.34348000e-01
   7.78450610e-04   6.34311000e-01
   3.27713014e-04   6.34384000e-01
   3.90868010e-03   6.34512000e-01
   6.57606436e-03   6.34501000e-01
   6.20587172e-03   6.34415000e-01
   3.25566164e-03   6.34313000e-01
   3.46864621e-03   6.34286000e-01
   7.53033258e-03   6.34414000e-01
   7.25042861e-03   6.34351000e-01
   5.98710648e-03   6.34350000e-01
   5.91814566e-03   6.34350000e-01
   5.66106901e-03   6.34458000e-01
   4.81957830e-03   6.34439000e-01
   6.43369158e-03   6.34333000e-01
   1.95275809e-03   6.34516000e-01
   6.41077941e-03   6.34307000e-01
   6.15808160e-03   6.34264000e-01
   6.96937640e-03   6.34369000e-01
   6.74394864e-03   6.34500000e-01
   3.31649455e-03   6.34435000e-01
   6.99924312e-03   6.34387000e-01
   8.50107125e-03   6.34303000e-01
   6.53806770e-03   6.34423000e-01
   5.18304613e-03   6.34296000e-01
   5.43161350e-03   6.34482000e-01
   5.73296102e-03   6.34304000e-01
   5.69708082e-03   6.34187000e-01
   8.28050407e-03   6.34419000e-01
   3.19266165e-03   6.34402000e-01
   5.70871498e-03   6.34565000e-01
   2.18322132e-03   6.34450000e-01
   8.23142148e-03   6.34517000e-01
   5.87455964e-03   6.34310000e-01
   9.26119560e-03   6.34469000e-01
   6.12514557e-03   6.34402000e-01
   7.08893572e-03   6.34531000e-01
   5.79102716e-03   6.34398000e-01
   7.52177910e-03   6.34375000e-01
   6.59204854e-03   6.34405000e-01
   4.52779728e-03   6.34208000e-01
   4.24493686e-04   6.34277000e-01
   2.30261871e-03   6.34184000e-01
   4.89516930e-03   6.34330000e-01
   3.57410187e-03   6.34520000e-01
   9.86120934e-04   6.34238000e-01
   4.76693813e-03   6.34343000e-01
   7.38078897e-03   6.34355000e-01
   5.64797504e-03   6.34376000e-01
   4.02655970e-03   6.34605000e-01
   1.42555661e-03   6.34382000e-01
   4.16364579e-03   6.34437000e-01
   2.44094851e-03   6.34173000e-01
   2.76817388e-03   6.34452000e-01
   1.75454470e-03   6.34281000e-01
   5.22378835e-03   6.34417000e-01
   5.15705064e-03   6.34301000e-01
   5.56479594e-03   6.34421000e-01
   2.89318752e-03   6.34441000e-01
   7.39046870e-03   6.34293000e-01
   5.49006453e-03   6.34475000e-01
   4.50943561e-03   6.34523000e-01
   5.61637715e-03   6.34204000e-01
   4.27002703e-03   6.34535000e-01
   3.38053418e-03   6.34219000e-01
   3.36766609e-03   6.34419000e-01
   7.66576173e-03   6.34481000e-01
   6.36695403e-03   6.34412000e-01
   7.13935074e-03   6.34275000e-01
   5.28387772e-03   6.34244000e-01
   4.08060333e-03   6.34324000e-01
   2.09352808e-03   6.34320000e-01
   5.11054809e-03   6.34344000e-01
   6.69994915e-03   6.34488000e-01
   4.68439910e-03   6.34305000e-01
   7.81833641e-03   6.34496000e-01
   5.48905223e-03   6.34349000e-01
   6.75703657e-03   6.34188000e-01
   5.35515991e-03   6.34436000e-01
   5.73971286e-03   6.34094000e-01
   5.46184919e-03   6.34414000e-01
   5.89025581e-03   6.34456000e-01
   9.21627878e-03   6.34350000e-01
   7.96819711e-03   6.34202000e-01
   4.71480846e-03   6.34383000e-01
   3.24344430e-03   6.34424000e-01
   6.92283096e-03   6.34349000e-01
   3.57478447e-03   6.34234000e-01
   1.90510192e-03   6.34363000e-01
   1.73719131e-03   6.34352000e-01
   4.60814365e-03   6.34185000e-01
   3.40670063e-03   6.34316000e-01
   4.06885581e-03   6.34358000e-01
   2.49551441e-03   6.34152000e-01
   3.08432078e-04   6.34105000e-01
   2.45495269e-03   6.34295000e-01
   1.78307975e-03   6.34185000e-01
   4.60489037e-03   6.34512000e-01
   1.94829138e-03   6.34354000e-01
   1.38245231e-03   6.34457000e-01
   5.78903899e-03   6.34388000e-01
   4.81262899e-03   6.34243000e-01
   4.30530929e-03   6.34277000e-01
   1.63518815e-03   6.34581000e-01
   2.47638161e-03   6.34372000e-01
   5.70691954e-03   6.34411000e-01
   2.99707096e-03   6.34007000e-01
   5.72368484e-03   6.34319000e-01
   6.09465201e-03   6.34478000e-01
   7.95235090e-03   6.34280000e-01
   2.28570620e-03   6.34185000e-01
   3.79144927e-03   6.34252000e-01
   1.99454986e-03   6.34194000e-01
   2.85200933e-03   6.34517000e-01
   1.27795611e-03   6.34580000e-01
   4.24048332e-03   6.34383000e-01
   6.25353935e-03   6.34231000e-01
   6.56631501e-03   6.34257000e-01
   6.10240784e-03   6.34148000e-01
   6.08172365e-03   6.34320000e-01
   4.81089924e-03   6.34325000e-01
   6.59407860e-03   6.34366000e-01
   5.69884051e-03   6.34137000e-01
   4.87065334e-03   6.34260000e-01
   6.08267301e-03   6.34345000e-01
   6.91179455e-03   6.34124000e-01
   7.99954615e-03   6.34459000e-01
   5.75249979e-03   6.34404000e-01
   4.75508483e-03   6.34566000e-01
   5.74469251e-03   6.34252000e-01
   6.32732834e-03   6.34615000e-01
   6.59282833e-03   6.34256000e-01
   5.05900003e-03   6.34571000e-01
   4.82210565e-03   6.34357000e-01
   3.42051632e-03   6.34357000e-01
   3.56162133e-03   6.34187000e-01
   3.61931703e-03   6.34256000e-01
   3.30258819e-03   6.34396000e-01
   2.78785392e-03   6.34344000e-01
   3.90632780e-04   6.34339000e-01
   6.02536036e-03   6.34444000e-01
   4.94906908e-03   6.34213000e-01
   1.65537514e-03   6.34560000e-01
   5.68702752e-03   6.34437000e-01
   3.28426437e-03   6.34260000e-01
   7.77258344e-04   6.34342000e-01
   4.89869222e-03   6.34231000e-01
   5.75986687e-04   6.34389000e-01
   1.24603482e-03   6.34314000e-01
   1.28073922e-03   6.34502000e-01
   4.25666808e-03   6.34266000e-01
   2.52308924e-03   6.34531000e-01
   2.17613047e-03   6.34416000e-01
   3.58911294e-03   6.34175000e-01
   2.27650824e-03   6.34373000e-01
   4.44679171e-03   6.34385000e-01
   5.48661130e-03   6.34561000e-01
   3.13788645e-03   6.34237000e-01
   3.23730457e-03   6.34259000e-01
   3.23102812e-03   6.34334000e-01
   6.81238541e-03   6.34278000e-01
   3.02803494e-03   6.34357000e-01
   3.14255811e-03   6.34424000e-01
   5.32376280e-03   6.34307000e-01
   7.56824622e-03   6.34452000e-01
   7.46520953e-03   6.34460000e-01
   4.92635012e-03   6.34350000e-01
   6.52531790e-03   6.34506000e-01
   7.25608043e-03   6.34228000e-01
   6.36197339e-03   6.34241000e-01
   7.12339203e-03   6.34397000e-01
   5.43674369e-03   6.34305000e-01
   5.80972135e-03   6.34270000e-01
   4.89303883e-03   6.34262000e-01
   6.07306124e-03   6.34296000e-01
   2.05408793e-03   6.34378000e-01
   5.16697874e-03   6.34472000e-01
   6.88509986e-03   6.34407000e-01
   7.44866423e-03   6.34405000e-01
   4.82842773e-03   6.34312000e-01
   7.98914740e-03   6.34382000e-01
   4.08169777e-03   6.34407000e-01
   2.32515249e-03   6.34182000e-01
   6.32127941e-03   6.34440000e-01
   4.72944857e-03   6.34288000e-01
   6.10737080e-03   6.34258000e-01
   6.69404716e-03   6.34518000e-01
   8.08806366e-03   6.34324000e-01
   4.86766288e-03   6.34579000e-01
   5.76334708e-03   6.34490000e-01
   5.35252174e-03   6.34306000e-01
   1.04770946e-03   6.34255000e-01
   4.12521860e-03   6.34190000e-01
   6.89970824e-03   6.34254000e-01
   4.13657153e-03   6.34353000e-01
   8.53835669e-03   6.34180000e-01
   4.73193073e-03   6.34495000e-01
   6.69307454e-03   6.34198000e-01
   5.99242463e-03   6.34384000e-01
   5.19179320e-03   6.34385000e-01
   6.94390707e-03   6.34250000e-01
   6.97895823e-03   6.34474000e-01
   7.66173112e-03   6.34298000e-01
   2.83819500e-03   6.34301000e-01
   3.86832516e-03   6.34377000e-01
   2.14368079e-03   6.34300000e-01
   6.90544068e-03   6.34290000e-01
   5.14120670e-03   6.34291000e-01
   6.75249835e-03   6.34415000e-01
   6.15746829e-03   6.34496000e-01
   8.32900818e-03   6.34232000e-01
   6.96358233e-03   6.34160000e-01
   6.10443960e-03   6.34410000e-01
   4.26274697e-03   6.34552000e-01
   6.14456212e-03   6.34181000e-01
   7.91661618e-03   6.34634000e-01
   2.24068915e-03   6.34220000e-01
   4.30250761e-03   6.34428000e-01
   1.73797553e-03   6.34411000e-01
   6.18790228e-03   6.34295000e-01
   7.42253026e-03   6.34350000e-01
   7.75937646e-03   6.34236000e-01
   3.94507929e-03   6.34337000e-01
   2.83590626e-03   6.34408000e-01
   3.99310798e-03   6.34455000e-01
   4.76808591e-03   6.34690000e-01
   7.90921591e-04   6.34387000e-01
   3.75353165e-03   6.34133000e-01
   6.06672129e-03   6.34423000e-01
   4.25944533e-03   6.34404000e-01
   7.55604021e-03   6.34442000e-01
   7.71719049e-03   6.34225000e-01
   3.80599504e-03   6.34512000e-01
   1.09832379e-03   6.34263000e-01
   1.14692709e-03   6.34423000e-01
   4.40536502e-03   6.34295000e-01
   4.23624352e-03   6.34461000e-01
   3.70148387e-03   6.34499000e-01
   3.55157698e-03   6.34380000e-01
   6.11646449e-03   6.34377000e-01
   4.32993076e-03   6.34367000e-01
   5.04506542e-03   6.34349000e-01
   6.58522561e-03   6.34142000e-01
   8.35606045e-03   6.34422000e-01
   5.36580070e-03   6.34319000e-01
   6.31684976e-03   6.34340000e-01
   9.04368226e-03   6.34509000e-01
   7.50422409e-03   6.34323000e-01
   7.81069039e-03   6.34427000e-01
   7.89531901e-03   6.34387000e-01
   8.57455070e-03   6.34358000e-01
   6.20485781e-03   6.34300000e-01
   6.50415540e-03   6.34331000e-01
   7.82905046e-03   6.34295000e-01
   5.69662680e-03   6.34348000e-01
   8.35264022e-03   6.34425000e-01
   4.89974052e-03   6.34236000e-01
   5.19469998e-03   6.34389000e-01
   8.92350416e-03   6.34485000e-01
   6.43404476e-03   6.34199000e-01
   2.15627044e-03   6.34292000e-01
   6.06895382e-03   6.34328000e-01
   4.49385096e-03   6.34284000e-01
   6.05319303e-03   6.34416000e-01
   3.32591493e-03   6.34146000e-01
   2.61930266e-03   6.34495000e-01
   1.32455580e-03   6.34530000e-01
   1.77323331e-03   6.34071000e-01
   2.54856569e-03   6.34270000e-01
   2.69224536e-04   6.34354000e-01
   1.81884307e-03   6.34327000e-01
   9.72020890e-04   6.34508000e-01
   2.98112765e-03   6.34367000e-01
   6.09840560e-04   6.34470000e-01
   3.25291151e-03   6.34343000e-01
   6.30678062e-03   6.34248000e-01
   5.19364074e-03   6.34364000e-01
   4.66879776e-03   6.34381000e-01
   7.29426321e-03   6.34128000e-01
   5.11650144e-03   6.34298000e-01
   4.54312070e-03   6.34146000e-01
   1.28724937e-03   6.34234000e-01
   2.65371256e-03   6.34312000e-01
   3.04350985e-03   6.34503000e-01
   1.28332980e-03   6.34188000e-01
   7.73517379e-03   6.34260000e-01
   7.82500635e-03   6.34513000e-01
   2.83519406e-03   6.34382000e-01
   6.88747142e-03   6.34510000e-01
   2.25922015e-03   6.34372000e-01
   4.70119168e-03   6.34510000e-01
   5.12002475e-03   6.34256000e-01
   5.51844909e-03   6.34381000e-01
   6.03064856e-03   6.34541000e-01
   5.37495632e-03   6.34325000e-01
   3.86263408e-03   6.34300000e-01
   4.37396406e-03   6.34385000e-01
   4.01022813e-03   6.34636000e-01
   4.30828085e-03   6.34349000e-01
   3.67927815e-03   6.34132000e-01
   5.02358500e-03   6.34395000e-01
   4.99766356e-03   6.34320000e-01
   7.66312029e-03   6.34322000e-01
   6.95910798e-03   6.34366000e-01
   6.92801287e-03   6.34404000e-01
   5.21063319e-03   6.34707000e-01
   8.82833790e-03   6.34518000e-01
   8.21206915e-03   6.34333000e-01
   4.50634249e-04   6.34546000e-01
   1.65822345e-03   6.34275000e-01
   1.30891686e-03   6.34482000e-01
   1.81220910e-03   6.34470000e-01
   8.37923033e-04   6.34324000e-01
   1.83613915e-03   6.34456000e-01
   1.33962726e-03   6.34220000e-01
   1.90143641e-03   6.34402000e-01
   5.83252254e-03   6.34506000e-01
   6.31304525e-03   6.34204000e-01
   7.86270270e-03   6.34255000e-01
   4.88666574e-03   6.34432000e-01
   4.62162530e-03   6.34251000e-01
   7.64431984e-03   6.34392000e-01
   7.78594231e-03   6.34307000e-01
   6.88490110e-03   6.34586000e-01
   5.93459078e-03   6.34280000e-01
   5.45781058e-03   6.34328000e-01
   7.13850696e-03   6.34363000e-01
   5.64073323e-03   6.34515000e-01
   3.32441784e-03   6.34332000e-01
   5.32769466e-03   6.34447000e-01
   5.44488860e-03   6.34342000e-01
   1.63351444e-03   6.34426000e-01
   2.79708257e-03   6.34512000e-01
   2.92585638e-03   6.34533000e-01
   7.13445385e-03   6.34281000e-01
   4.09259891e-03   6.34345000e-01
   8.26156603e-03   6.34290000e-01
   6.99028637e-03   6.34280000e-01
   6.67982284e-03   6.34266000e-01
   1.58428853e-03   6.34456000e-01
   1.04970462e-03   6.34444000e-01
   3.59846146e-03   6.34378000e-01
   2.12356344e-03   6.34362000e-01
   3.10512559e-03   6.34223000e-01
   3.55793716e-03   6.34334000e-01
   2.22122472e-03   6.34290000e-01
   7.62674293e-04   6.34191000e-01
   1.16634466e-03   6.34308000e-01
   2.59437383e-03   6.34274000e-01
   4.17497408e-03   6.34297000e-01
   1.28414338e-03   6.34335000e-01
   1.53148087e-03   6.34572000e-01
   5.04267762e-03   6.34309000e-01
   3.74824431e-03   6.34483000e-01
   6.59875493e-03   6.34437000e-01
   2.36698488e-03   6.34391000e-01
   4.13181120e-03   6.34455000e-01
   4.22356428e-03   6.34332000e-01
   7.83519151e-03   6.34301000e-01
   8.40249215e-03   6.34477000e-01
   4.42222198e-03   6.34316000e-01
   1.53545429e-03   6.34080000e-01
   6.28997240e-03   6.34455000e-01
   5.10892656e-03   6.34335000e-01
   7.14979769e-03   6.34368000e-01
   4.33521931e-03   6.34456000e-01
   6.05908919e-03   6.34364000e-01
   5.26466257e-03   6.34525000e-01
   2.17017234e-03   6.34445000e-01
   8.29669562e-03   6.34374000e-01
   6.01702717e-03   6.34320000e-01
   7.43832951e-03   6.34313000e-01
   6.17632164e-03   6.34275000e-01
   6.99031930e-03   6.34279000e-01
   6.97084235e-03   6.34439000e-01
   8.34345153e-03   6.34441000e-01
   7.37784605e-03   6.34444000e-01
   5.49606960e-03   6.34282000e-01
   5.57358816e-03   6.34078000e-01
   5.51040703e-03   6.34196000e-01
   3.44781812e-03   6.34359000e-01
   6.05411009e-03   6.34338000e-01
   8.12366422e-03   6.34583000e-01
   4.76088517e-04   6.34304000e-01
   5.39242506e-03   6.34037000e-01
   4.76583887e-03   6.34421000e-01
   2.10994102e-03   6.34254000e-01
   1.38916771e-03   6.34117000e-01
   3.09596571e-03   6.34517000e-01
   1.16617349e-03   6.34495000e-01
   6.26209547e-03   6.34140000e-01
   5.89302227e-03   6.34318000e-01
   8.99152819e-03   6.34370000e-01
   5.91976383e-03   6.34279000e-01
   6.01124196e-03   6.34359000e-01
   5.26348818e-03   6.34489000e-01
   2.59495307e-03   6.34440000e-01
   6.20301289e-04   6.34327000e-01
   5.29188056e-04   6.34222000e-01
   3.17515388e-03   6.34225000e-01
   1.52777766e-03   6.34605000e-01
   2.54738751e-03   6.34305000e-01
   2.61576967e-03   6.34493000e-01
   2.01761843e-03   6.34146000e-01
   2.18970132e-04   6.34527000e-01
   1.49576988e-03   6.34385000e-01
   2.45851743e-03   6.34323000e-01
   2.66140874e-03   6.34278000e-01
   3.80325794e-03   6.34413000e-01
   6.45768607e-03   6.34209000e-01
   1.58956598e-03   6.34454000e-01
   2.87514172e-03   6.34320000e-01
   3.38347414e-03   6.34549000e-01
   5.22451324e-03   6.34614000e-01
   6.31953411e-03   6.34547000e-01
   1.04031147e-03   6.34469000e-01
   3.31060948e-03   6.34227000e-01
   1.91297221e-03   6.34263000e-01
   5.46634288e-03   6.34395000e-01
   4.50293762e-03   6.34146000e-01
   7.17512137e-03   6.34279000e-01
   4.20224096e-03   6.34424000e-01
   2.41371775e-03   6.34309000e-01
   2.50890920e-03   6.34170000e-01
   1.70723811e-03   6.34200000e-01
   2.61867521e-03   6.34250000e-01
   4.55449358e-03   6.34289000e-01
   5.80368839e-03   6.34336000e-01
   4.53471544e-03   6.34345000e-01
   4.65307030e-03   6.34187000e-01
   5.97841112e-03   6.34287000e-01
   5.30501871e-03   6.34201000e-01
   1.53147021e-03   6.34233000e-01
   2.41021432e-03   6.34432000e-01
   3.95961905e-03   6.34491000e-01
   6.80237649e-03   6.34441000e-01
   2.29770952e-03   6.34353000e-01
   4.02703095e-03   6.34490000e-01
   1.69278278e-03   6.34260000e-01
   5.52293331e-04   6.34174000e-01
   5.07938097e-03   6.34371000e-01
   4.77987712e-03   6.34398000e-01
   9.62594125e-03   6.34401000e-01
   7.08531985e-03   6.34246000e-01
   5.19384503e-03   6.34269000e-01
   6.19709766e-03   6.34254000e-01
   7.15750115e-03   6.34238000e-01
   4.41688953e-03   6.34228000e-01
   6.70020583e-03   6.34694000e-01
   4.01128292e-03   6.34435000e-01
   4.92854275e-03   6.34456000e-01
   3.97976277e-03   6.34247000e-01
   5.26934992e-03   6.34472000e-01
   5.74053222e-03   6.34166000e-01
   4.53820130e-03   6.34220000e-01
   2.48902076e-03   6.34313000e-01
   8.65452994e-03   6.34341000e-01
   5.74566546e-03   6.34413000e-01
   6.91271153e-03   6.34487000e-01
   5.19254069e-03   6.34477000e-01
   5.03962694e-03   6.34321000e-01
   6.10613944e-03   6.34329000e-01
   2.40449634e-03   6.34320000e-01
   1.50835280e-03   6.34099000e-01
   7.86502102e-03   6.34268000e-01
   6.83053088e-03   6.34535000e-01
   6.88418404e-03   6.34618000e-01
   7.18803341e-03   6.34281000e-01
   6.09635270e-03   6.34294000e-01
   5.38667425e-03   6.34517000e-01
   3.93111844e-03   6.34122000e-01
   4.56653038e-03   6.34338000e-01
   5.21940393e-03   6.34346000e-01
   6.27511300e-03   6.34469000e-01
   5.48700093e-03   6.34458000e-01
   3.58651860e-03   6.34380000e-01
   7.50277806e-03   6.34224000e-01
   3.92062856e-03   6.34271000e-01
   8.15570590e-03   6.34309000e-01
   5.25813356e-03   6.34130000e-01
   2.21384339e-03   6.34279000e-01
   5.55274837e-04   6.34481000e-01
   3.46278863e-03   6.34443000e-01
   1.25596939e-03   6.34181000e-01
   1.98111617e-03   6.34503000e-01
   2.62071444e-03   6.34522000e-01
   4.55678694e-03   6.34360000e-01
   1.54637766e-03   6.34490000e-01
   2.55250561e-03   6.34157000e-01
   3.72600560e-04   6.34409000e-01
   2.01580101e-03   6.34422000e-01
   3.61441244e-03   6.34285000e-01
   3.24535928e-03   6.34263000e-01
   3.18612382e-03   6.34352000e-01
   3.15301025e-03   6.34269000e-01
   2.77283143e-04   6.34330000e-01
   9.99066830e-04   6.34432000e-01
   1.34298975e-03   6.34356000e-01
   7.00646127e-03   6.34373000e-01
   5.97484533e-03   6.34492000e-01
   4.90392914e-03   6.34243000e-01
   5.96766545e-03   6.34491000e-01
   5.57436281e-03   6.34386000e-01
   6.18997338e-03   6.34133000e-01
   7.09159304e-03   6.34425000e-01
   6.83707096e-03   6.34301000e-01
   4.29667433e-03   6.34277000e-01
   4.39235594e-03   6.34322000e-01
   6.97265114e-03   6.34178000e-01
   5.84014983e-03   6.34241000e-01
   2.86279850e-03   6.34137000e-01
   6.14564894e-03   6.34226000e-01
   5.73892545e-03   6.34365000e-01
   3.57602195e-03   6.34432000e-01
   3.74734520e-03   6.34205000e-01
   4.19588407e-03   6.34249000e-01
   6.47711914e-03   6.34614000e-01
   5.84801416e-03   6.34499000e-01
   7.10749797e-03   6.34529000e-01
   7.06570771e-03   6.34409000e-01
   9.05116417e-03   6.34349000e-01
   6.71573967e-03   6.34367000e-01
   4.93191683e-03   6.34375000e-01
   8.34606127e-03   6.34418000e-01
   8.00357755e-03   6.34337000e-01
   6.49036433e-03   6.34347000e-01
   5.14637108e-03   6.34172000e-01
   2.06095777e-03   6.34341000e-01
   4.01558253e-03   6.34414000e-01
   5.64049307e-03   6.34612000e-01
   5.13250117e-03   6.34457000e-01
   5.53862096e-03   6.34263000e-01
   7.08429975e-03   6.34335000e-01
   7.96834729e-03   6.34639000e-01
   5.26231043e-03   6.34274000e-01
   5.15808949e-03   6.34489000e-01
   9.41450898e-03   6.34643000e-01
   8.91835987e-03   6.34301000e-01
   7.34051887e-03   6.34385000e-01
   4.91624769e-03   6.34472000e-01
   1.98884142e-03   6.34316000e-01
   1.21692300e-03   6.34249000e-01
   1.75373308e-03   6.34393000e-01
   1.78308112e-03   6.34301000e-01
   2.24806830e-03   6.34156000e-01
   1.06712207e-03   6.34335000e-01
   6.41882356e-04   6.34497000e-01
   3.37177035e-03   6.34225000e-01
   8.88722106e-04   6.34332000e-01
   1.67061686e-03   6.34490000e-01
   1.84021784e-03   6.34408000e-01
   4.74704883e-03   6.34411000e-01
   7.29635338e-04   6.34364000e-01
   2.35931656e-03   6.34285000e-01
   6.87238370e-03   6.34570000e-01
   4.67515128e-03   6.34310000e-01
   5.85302136e-03   6.34248000e-01
   8.01157360e-03   6.34400000e-01
   6.70955039e-03   6.34461000e-01
   6.49694544e-03   6.34385000e-01
   5.32949566e-03   6.34327000e-01
   1.55190173e-03   6.34379000e-01
   6.69759297e-03   6.34499000e-01
   6.79752129e-03   6.34484000e-01
   5.70922724e-03   6.34284000e-01
   8.09634112e-03   6.34435000e-01
   9.48183515e-03   6.34205000e-01
   2.95968772e-03   6.34416000e-01
   3.99729434e-03   6.34391000e-01
   6.88215260e-03   6.34269000e-01
   4.92533421e-03   6.34260000e-01
   5.74868189e-04   6.34290000e-01
   2.77722841e-03   6.34282000e-01
   4.65542323e-03   6.34436000e-01
   1.31875814e-03   6.34285000e-01
   3.41735157e-04   6.34152000e-01
   1.70224284e-03   6.34332000e-01
   2.17998316e-03   6.34308000e-01
   1.54101451e-03   6.34327000e-01
   1.57544628e-03   6.34360000e-01
   4.58908700e-03   6.34446000e-01
   7.43729638e-03   6.34236000e-01
   7.00526812e-03   6.34360000e-01
   4.59339204e-03   6.34390000e-01
   5.75739579e-03   6.34312000e-01
   4.52339605e-03   6.34443000e-01
   4.81533053e-03   6.34518000e-01
   7.07133862e-03   6.34262000e-01
   7.00429724e-03   6.34317000e-01
   5.57689520e-03   6.34337000e-01
   5.93096575e-03   6.34517000e-01
   4.78551795e-03   6.34442000e-01
   6.40588732e-03   6.34450000e-01
   4.65653568e-03   6.34343000e-01
   7.11355684e-03   6.34554000e-01
   5.60338407e-03   6.34253000e-01
   4.09704001e-04   6.34439000e-01
   6.49104614e-03   6.34409000e-01
   3.05907250e-03   6.34259000e-01
   6.24696271e-03   6.34335000e-01
   7.17409225e-03   6.34399000e-01
   4.52571659e-03   6.34355000e-01
   3.84952974e-03   6.34431000e-01
   8.72613117e-03   6.34570000e-01
   6.03978618e-03   6.34241000e-01
   6.36502143e-03   6.34458000e-01
   2.48622124e-03   6.34481000e-01
   3.59010066e-03   6.34330000e-01
   2.24880599e-03   6.34237000e-01
   3.29852889e-03   6.34527000e-01
   1.03635138e-03   6.34355000e-01
   4.75194095e-03   6.34017000e-01
   7.37223462e-03   6.34352000e-01
   5.53571904e-03   6.34449000e-01
   3.67615325e-03   6.34331000e-01
   2.68767813e-03   6.34188000e-01
   5.52041581e-03   6.34298000e-01
   8.14417993e-03   6.34239000e-01
   5.80058846e-03   6.34509000e-01
   5.47349438e-03   6.34423000e-01
   4.54274661e-03   6.34223000e-01
   5.18839912e-03   6.34387000e-01
   7.08149479e-03   6.34332000e-01
   4.11791654e-03   6.34251000e-01
   5.71798243e-03   6.34250000e-01
   5.16366596e-03   6.34435000e-01
   5.43770485e-03   6.34379000e-01
   6.73341016e-03   6.34328000e-01
   6.05865104e-03   6.34409000e-01
   7.21154991e-03   6.34183000e-01
   1.70922645e-03   6.34483000e-01
   7.45285674e-03   6.34189000e-01
   6.31793256e-03   6.34478000e-01
   5.46079081e-03   6.34419000e-01
   5.54105868e-03   6.34492000e-01
   7.29370539e-03   6.34545000e-01
   7.19734260e-03   6.34448000e-01
   7.08115020e-03   6.34345000e-01
   5.26164636e-03   6.34366000e-01
   5.89014625e-03   6.34435000e-01
   2.24851770e-03   6.34250000e-01
   1.99349514e-03   6.34442000e-01
   2.17127225e-03   6.34288000e-01
   5.11286297e-03   6.34302000e-01
   6.70771202e-03   6.34164000e-01
   4.00065581e-03   6.34388000e-01
   6.34751897e-03   6.34137000e-01
   3.38875136e-03   6.34366000e-01
   3.92758779e-03   6.34294000e-01
   6.67999742e-04   6.34465000e-01
   4.38476120e-03   6.34268000e-01
   3.52888993e-03   6.34225000e-01
   5.59005623e-03   6.34293000e-01
   6.77346760e-03   6.34186000e-01
   8.09071182e-03   6.34553000e-01
   6.05141636e-03   6.34109000e-01
   3.60826623e-03   6.34339000e-01
   2.96119700e-03   6.34279000e-01
   7.81409469e-03   6.34259000e-01
   3.10204518e-03   6.34398000e-01
   7.91373340e-03   6.34331000e-01
   7.37414963e-03   6.34324000e-01
   5.77237196e-03   6.34601000e-01
   5.48660033e-03   6.34376000e-01
   5.11483986e-03   6.34296000e-01
   8.42309984e-03   6.34251000e-01
   6.26244305e-03   6.34242000e-01
   5.62108814e-03   6.34331000e-01
   6.91968683e-03   6.34224000e-01
   7.32920235e-03   6.34375000e-01
   5.75057478e-03   6.34518000e-01
   6.82252988e-03   6.34463000e-01
   6.81709816e-03   6.34281000e-01
   3.79448240e-03   6.34519000e-01
   5.86050151e-03   6.34431000e-01
   5.36790978e-03   6.34357000e-01
   3.18146086e-03   6.34267000e-01
   4.71649343e-03   6.34392000e-01
   2.87265313e-03   6.34402000e-01
   1.51462733e-03   6.34336000e-01
   6.18715815e-03   6.34339000e-01
   3.23770563e-03   6.34341000e-01
   3.59373304e-03   6.34456000e-01
   2.69379184e-03   6.34348000e-01
   5.99295205e-03   6.34365000e-01
   7.27128025e-03   6.34216000e-01
   2.80142736e-03   6.34469000e-01
   2.19568820e-03   6.34269000e-01
   3.01210966e-03   6.34340000e-01
   1.94670322e-03   6.34355000e-01
   3.67869170e-03   6.34544000e-01
   2.58240558e-03   6.34292000e-01
   2.28886865e-03   6.34335000e-01
   5.80270134e-03   6.34580000e-01
   4.84791019e-03   6.34302000e-01
   6.11829069e-03   6.34484000e-01
   7.88038597e-03   6.34435000e-01
   9.51513767e-03   6.34289000e-01
   5.84942808e-03   6.34398000e-01
   9.63092365e-03   6.34598000e-01
   6.63138165e-03   6.34328000e-01
   3.36108817e-03   6.34463000e-01
   1.71527126e-03   6.34136000e-01
   1.72046271e-03   6.34302000e-01
   1.85990938e-03   6.34441000e-01
   5.41647764e-03   6.34321000e-01
   6.09660452e-03   6.34519000e-01
   2.97295578e-03   6.34439000e-01
   2.05433127e-03   6.34186000e-01
   3.37109570e-03   6.34350000e-01
   5.31282951e-03   6.34275000e-01
   6.49213763e-03   6.34272000e-01
   3.38633248e-03   6.34392000e-01
   8.96629264e-03   6.34277000e-01
   2.95329496e-03   6.34474000e-01
   3.00463024e-03   6.34412000e-01
   2.44072133e-03   6.34388000e-01
   3.69805396e-03   6.34332000e-01
   2.65756350e-03   6.34445000e-01
   8.98265959e-03   6.34333000e-01
   8.38734343e-03   6.34270000e-01
   6.24622355e-03   6.34400000e-01
   5.60235453e-03   6.34271000e-01
   2.43202001e-03   6.34130000e-01
   2.12419772e-03   6.34272000e-01
   3.24635894e-03   6.34470000e-01
   6.42539961e-03   6.34515000e-01
   7.74826220e-03   6.34459000e-01
   5.49043375e-03   6.34422000e-01
   4.60193689e-03   6.34253000e-01
   3.80715038e-03   6.34182000e-01
   5.40661519e-03   6.34272000e-01
   2.30337407e-03   6.34405000e-01
   6.04891125e-03   6.34285000e-01
   5.25014504e-03   6.34240000e-01
   7.88457977e-03   6.34429000e-01
   5.76369613e-03   6.34404000e-01
   4.36183173e-03   6.34393000e-01
   1.32419210e-03   6.34242000e-01
   3.25057578e-03   6.34107000e-01
   2.44937616e-03   6.34533000e-01
   6.66095953e-03   6.34285000e-01
   3.24361012e-03   6.34573000e-01
   8.06689067e-04   6.34491000e-01
   2.86851036e-03   6.34324000e-01
   3.31731057e-03   6.34365000e-01
   8.06372257e-03   6.34475000e-01
   4.86139710e-03   6.34477000e-01
   7.90980325e-03   6.34379000e-01
   7.27437658e-03   6.34407000e-01
   6.71132124e-03   6.34098000e-01
   2.26550762e-03   6.34335000e-01
   5.55918091e-03   6.34425000e-01
   5.81377557e-03   6.34357000e-01
   5.07178814e-03   6.34272000e-01
   3.24671612e-03   6.34115000e-01
   8.27124171e-04   6.34305000e-01
   2.10082931e-03   6.34243000e-01
